1600
(
4(0 1680 40 1640)
4(1 1720 41 1680)
4(2 1760 42 1720)
4(3 1800 43 1760)
4(4 1840 44 1800)
4(5 1880 45 1840)
4(6 1920 46 1880)
4(7 1960 47 1920)
4(8 2000 48 1960)
4(9 2040 49 2000)
4(10 2080 50 2040)
4(11 2120 51 2080)
4(12 2160 52 2120)
4(13 2200 53 2160)
4(14 2240 54 2200)
4(15 2280 55 2240)
4(16 2320 56 2280)
4(17 2360 57 2320)
4(18 2400 58 2360)
4(19 2440 59 2400)
4(20 2480 60 2440)
4(21 2520 61 2480)
4(22 2560 62 2520)
4(23 2600 63 2560)
4(24 2640 64 2600)
4(25 2680 65 2640)
4(26 2720 66 2680)
4(27 2760 67 2720)
4(28 2800 68 2760)
4(29 2840 69 2800)
4(30 2880 70 2840)
4(31 2920 71 2880)
4(32 2960 72 2920)
4(33 3000 73 2960)
4(34 3040 74 3000)
4(35 3080 75 3040)
4(36 3120 76 3080)
4(37 3160 77 3120)
4(38 3200 78 3160)
4(39 3240 79 3200)
4(40 1681 80 1641)
4(41 1721 81 1681)
4(42 1761 82 1721)
4(43 1801 83 1761)
4(44 1841 84 1801)
4(45 1881 85 1841)
4(46 1921 86 1881)
4(47 1961 87 1921)
4(48 2001 88 1961)
4(49 2041 89 2001)
4(50 2081 90 2041)
4(51 2121 91 2081)
4(52 2161 92 2121)
4(53 2201 93 2161)
4(54 2241 94 2201)
4(55 2281 95 2241)
4(56 2321 96 2281)
4(57 2361 97 2321)
4(58 2401 98 2361)
4(59 2441 99 2401)
4(60 2481 100 2441)
4(61 2521 101 2481)
4(62 2561 102 2521)
4(63 2601 103 2561)
4(64 2641 104 2601)
4(65 2681 105 2641)
4(66 2721 106 2681)
4(67 2761 107 2721)
4(68 2801 108 2761)
4(69 2841 109 2801)
4(70 2881 110 2841)
4(71 2921 111 2881)
4(72 2961 112 2921)
4(73 3001 113 2961)
4(74 3041 114 3001)
4(75 3081 115 3041)
4(76 3121 116 3081)
4(77 3161 117 3121)
4(78 3201 118 3161)
4(79 3241 119 3201)
4(80 1682 120 1642)
4(81 1722 121 1682)
4(82 1762 122 1722)
4(83 1802 123 1762)
4(84 1842 124 1802)
4(85 1882 125 1842)
4(86 1922 126 1882)
4(87 1962 127 1922)
4(88 2002 128 1962)
4(89 2042 129 2002)
4(90 2082 130 2042)
4(91 2122 131 2082)
4(92 2162 132 2122)
4(93 2202 133 2162)
4(94 2242 134 2202)
4(95 2282 135 2242)
4(96 2322 136 2282)
4(97 2362 137 2322)
4(98 2402 138 2362)
4(99 2442 139 2402)
4(100 2482 140 2442)
4(101 2522 141 2482)
4(102 2562 142 2522)
4(103 2602 143 2562)
4(104 2642 144 2602)
4(105 2682 145 2642)
4(106 2722 146 2682)
4(107 2762 147 2722)
4(108 2802 148 2762)
4(109 2842 149 2802)
4(110 2882 150 2842)
4(111 2922 151 2882)
4(112 2962 152 2922)
4(113 3002 153 2962)
4(114 3042 154 3002)
4(115 3082 155 3042)
4(116 3122 156 3082)
4(117 3162 157 3122)
4(118 3202 158 3162)
4(119 3242 159 3202)
4(120 1683 160 1643)
4(121 1723 161 1683)
4(122 1763 162 1723)
4(123 1803 163 1763)
4(124 1843 164 1803)
4(125 1883 165 1843)
4(126 1923 166 1883)
4(127 1963 167 1923)
4(128 2003 168 1963)
4(129 2043 169 2003)
4(130 2083 170 2043)
4(131 2123 171 2083)
4(132 2163 172 2123)
4(133 2203 173 2163)
4(134 2243 174 2203)
4(135 2283 175 2243)
4(136 2323 176 2283)
4(137 2363 177 2323)
4(138 2403 178 2363)
4(139 2443 179 2403)
4(140 2483 180 2443)
4(141 2523 181 2483)
4(142 2563 182 2523)
4(143 2603 183 2563)
4(144 2643 184 2603)
4(145 2683 185 2643)
4(146 2723 186 2683)
4(147 2763 187 2723)
4(148 2803 188 2763)
4(149 2843 189 2803)
4(150 2883 190 2843)
4(151 2923 191 2883)
4(152 2963 192 2923)
4(153 3003 193 2963)
4(154 3043 194 3003)
4(155 3083 195 3043)
4(156 3123 196 3083)
4(157 3163 197 3123)
4(158 3203 198 3163)
4(159 3243 199 3203)
4(160 1684 200 1644)
4(161 1724 201 1684)
4(162 1764 202 1724)
4(163 1804 203 1764)
4(164 1844 204 1804)
4(165 1884 205 1844)
4(166 1924 206 1884)
4(167 1964 207 1924)
4(168 2004 208 1964)
4(169 2044 209 2004)
4(170 2084 210 2044)
4(171 2124 211 2084)
4(172 2164 212 2124)
4(173 2204 213 2164)
4(174 2244 214 2204)
4(175 2284 215 2244)
4(176 2324 216 2284)
4(177 2364 217 2324)
4(178 2404 218 2364)
4(179 2444 219 2404)
4(180 2484 220 2444)
4(181 2524 221 2484)
4(182 2564 222 2524)
4(183 2604 223 2564)
4(184 2644 224 2604)
4(185 2684 225 2644)
4(186 2724 226 2684)
4(187 2764 227 2724)
4(188 2804 228 2764)
4(189 2844 229 2804)
4(190 2884 230 2844)
4(191 2924 231 2884)
4(192 2964 232 2924)
4(193 3004 233 2964)
4(194 3044 234 3004)
4(195 3084 235 3044)
4(196 3124 236 3084)
4(197 3164 237 3124)
4(198 3204 238 3164)
4(199 3244 239 3204)
4(200 1685 240 1645)
4(201 1725 241 1685)
4(202 1765 242 1725)
4(203 1805 243 1765)
4(204 1845 244 1805)
4(205 1885 245 1845)
4(206 1925 246 1885)
4(207 1965 247 1925)
4(208 2005 248 1965)
4(209 2045 249 2005)
4(210 2085 250 2045)
4(211 2125 251 2085)
4(212 2165 252 2125)
4(213 2205 253 2165)
4(214 2245 254 2205)
4(215 2285 255 2245)
4(216 2325 256 2285)
4(217 2365 257 2325)
4(218 2405 258 2365)
4(219 2445 259 2405)
4(220 2485 260 2445)
4(221 2525 261 2485)
4(222 2565 262 2525)
4(223 2605 263 2565)
4(224 2645 264 2605)
4(225 2685 265 2645)
4(226 2725 266 2685)
4(227 2765 267 2725)
4(228 2805 268 2765)
4(229 2845 269 2805)
4(230 2885 270 2845)
4(231 2925 271 2885)
4(232 2965 272 2925)
4(233 3005 273 2965)
4(234 3045 274 3005)
4(235 3085 275 3045)
4(236 3125 276 3085)
4(237 3165 277 3125)
4(238 3205 278 3165)
4(239 3245 279 3205)
4(240 1686 280 1646)
4(241 1726 281 1686)
4(242 1766 282 1726)
4(243 1806 283 1766)
4(244 1846 284 1806)
4(245 1886 285 1846)
4(246 1926 286 1886)
4(247 1966 287 1926)
4(248 2006 288 1966)
4(249 2046 289 2006)
4(250 2086 290 2046)
4(251 2126 291 2086)
4(252 2166 292 2126)
4(253 2206 293 2166)
4(254 2246 294 2206)
4(255 2286 295 2246)
4(256 2326 296 2286)
4(257 2366 297 2326)
4(258 2406 298 2366)
4(259 2446 299 2406)
4(260 2486 300 2446)
4(261 2526 301 2486)
4(262 2566 302 2526)
4(263 2606 303 2566)
4(264 2646 304 2606)
4(265 2686 305 2646)
4(266 2726 306 2686)
4(267 2766 307 2726)
4(268 2806 308 2766)
4(269 2846 309 2806)
4(270 2886 310 2846)
4(271 2926 311 2886)
4(272 2966 312 2926)
4(273 3006 313 2966)
4(274 3046 314 3006)
4(275 3086 315 3046)
4(276 3126 316 3086)
4(277 3166 317 3126)
4(278 3206 318 3166)
4(279 3246 319 3206)
4(280 1687 320 1647)
4(281 1727 321 1687)
4(282 1767 322 1727)
4(283 1807 323 1767)
4(284 1847 324 1807)
4(285 1887 325 1847)
4(286 1927 326 1887)
4(287 1967 327 1927)
4(288 2007 328 1967)
4(289 2047 329 2007)
4(290 2087 330 2047)
4(291 2127 331 2087)
4(292 2167 332 2127)
4(293 2207 333 2167)
4(294 2247 334 2207)
4(295 2287 335 2247)
4(296 2327 336 2287)
4(297 2367 337 2327)
4(298 2407 338 2367)
4(299 2447 339 2407)
4(300 2487 340 2447)
4(301 2527 341 2487)
4(302 2567 342 2527)
4(303 2607 343 2567)
4(304 2647 344 2607)
4(305 2687 345 2647)
4(306 2727 346 2687)
4(307 2767 347 2727)
4(308 2807 348 2767)
4(309 2847 349 2807)
4(310 2887 350 2847)
4(311 2927 351 2887)
4(312 2967 352 2927)
4(313 3007 353 2967)
4(314 3047 354 3007)
4(315 3087 355 3047)
4(316 3127 356 3087)
4(317 3167 357 3127)
4(318 3207 358 3167)
4(319 3247 359 3207)
4(320 1688 360 1648)
4(321 1728 361 1688)
4(322 1768 362 1728)
4(323 1808 363 1768)
4(324 1848 364 1808)
4(325 1888 365 1848)
4(326 1928 366 1888)
4(327 1968 367 1928)
4(328 2008 368 1968)
4(329 2048 369 2008)
4(330 2088 370 2048)
4(331 2128 371 2088)
4(332 2168 372 2128)
4(333 2208 373 2168)
4(334 2248 374 2208)
4(335 2288 375 2248)
4(336 2328 376 2288)
4(337 2368 377 2328)
4(338 2408 378 2368)
4(339 2448 379 2408)
4(340 2488 380 2448)
4(341 2528 381 2488)
4(342 2568 382 2528)
4(343 2608 383 2568)
4(344 2648 384 2608)
4(345 2688 385 2648)
4(346 2728 386 2688)
4(347 2768 387 2728)
4(348 2808 388 2768)
4(349 2848 389 2808)
4(350 2888 390 2848)
4(351 2928 391 2888)
4(352 2968 392 2928)
4(353 3008 393 2968)
4(354 3048 394 3008)
4(355 3088 395 3048)
4(356 3128 396 3088)
4(357 3168 397 3128)
4(358 3208 398 3168)
4(359 3248 399 3208)
4(360 1689 400 1649)
4(361 1729 401 1689)
4(362 1769 402 1729)
4(363 1809 403 1769)
4(364 1849 404 1809)
4(365 1889 405 1849)
4(366 1929 406 1889)
4(367 1969 407 1929)
4(368 2009 408 1969)
4(369 2049 409 2009)
4(370 2089 410 2049)
4(371 2129 411 2089)
4(372 2169 412 2129)
4(373 2209 413 2169)
4(374 2249 414 2209)
4(375 2289 415 2249)
4(376 2329 416 2289)
4(377 2369 417 2329)
4(378 2409 418 2369)
4(379 2449 419 2409)
4(380 2489 420 2449)
4(381 2529 421 2489)
4(382 2569 422 2529)
4(383 2609 423 2569)
4(384 2649 424 2609)
4(385 2689 425 2649)
4(386 2729 426 2689)
4(387 2769 427 2729)
4(388 2809 428 2769)
4(389 2849 429 2809)
4(390 2889 430 2849)
4(391 2929 431 2889)
4(392 2969 432 2929)
4(393 3009 433 2969)
4(394 3049 434 3009)
4(395 3089 435 3049)
4(396 3129 436 3089)
4(397 3169 437 3129)
4(398 3209 438 3169)
4(399 3249 439 3209)
4(400 1690 440 1650)
4(401 1730 441 1690)
4(402 1770 442 1730)
4(403 1810 443 1770)
4(404 1850 444 1810)
4(405 1890 445 1850)
4(406 1930 446 1890)
4(407 1970 447 1930)
4(408 2010 448 1970)
4(409 2050 449 2010)
4(410 2090 450 2050)
4(411 2130 451 2090)
4(412 2170 452 2130)
4(413 2210 453 2170)
4(414 2250 454 2210)
4(415 2290 455 2250)
4(416 2330 456 2290)
4(417 2370 457 2330)
4(418 2410 458 2370)
4(419 2450 459 2410)
4(420 2490 460 2450)
4(421 2530 461 2490)
4(422 2570 462 2530)
4(423 2610 463 2570)
4(424 2650 464 2610)
4(425 2690 465 2650)
4(426 2730 466 2690)
4(427 2770 467 2730)
4(428 2810 468 2770)
4(429 2850 469 2810)
4(430 2890 470 2850)
4(431 2930 471 2890)
4(432 2970 472 2930)
4(433 3010 473 2970)
4(434 3050 474 3010)
4(435 3090 475 3050)
4(436 3130 476 3090)
4(437 3170 477 3130)
4(438 3210 478 3170)
4(439 3250 479 3210)
4(440 1691 480 1651)
4(441 1731 481 1691)
4(442 1771 482 1731)
4(443 1811 483 1771)
4(444 1851 484 1811)
4(445 1891 485 1851)
4(446 1931 486 1891)
4(447 1971 487 1931)
4(448 2011 488 1971)
4(449 2051 489 2011)
4(450 2091 490 2051)
4(451 2131 491 2091)
4(452 2171 492 2131)
4(453 2211 493 2171)
4(454 2251 494 2211)
4(455 2291 495 2251)
4(456 2331 496 2291)
4(457 2371 497 2331)
4(458 2411 498 2371)
4(459 2451 499 2411)
4(460 2491 500 2451)
4(461 2531 501 2491)
4(462 2571 502 2531)
4(463 2611 503 2571)
4(464 2651 504 2611)
4(465 2691 505 2651)
4(466 2731 506 2691)
4(467 2771 507 2731)
4(468 2811 508 2771)
4(469 2851 509 2811)
4(470 2891 510 2851)
4(471 2931 511 2891)
4(472 2971 512 2931)
4(473 3011 513 2971)
4(474 3051 514 3011)
4(475 3091 515 3051)
4(476 3131 516 3091)
4(477 3171 517 3131)
4(478 3211 518 3171)
4(479 3251 519 3211)
4(480 1692 520 1652)
4(481 1732 521 1692)
4(482 1772 522 1732)
4(483 1812 523 1772)
4(484 1852 524 1812)
4(485 1892 525 1852)
4(486 1932 526 1892)
4(487 1972 527 1932)
4(488 2012 528 1972)
4(489 2052 529 2012)
4(490 2092 530 2052)
4(491 2132 531 2092)
4(492 2172 532 2132)
4(493 2212 533 2172)
4(494 2252 534 2212)
4(495 2292 535 2252)
4(496 2332 536 2292)
4(497 2372 537 2332)
4(498 2412 538 2372)
4(499 2452 539 2412)
4(500 2492 540 2452)
4(501 2532 541 2492)
4(502 2572 542 2532)
4(503 2612 543 2572)
4(504 2652 544 2612)
4(505 2692 545 2652)
4(506 2732 546 2692)
4(507 2772 547 2732)
4(508 2812 548 2772)
4(509 2852 549 2812)
4(510 2892 550 2852)
4(511 2932 551 2892)
4(512 2972 552 2932)
4(513 3012 553 2972)
4(514 3052 554 3012)
4(515 3092 555 3052)
4(516 3132 556 3092)
4(517 3172 557 3132)
4(518 3212 558 3172)
4(519 3252 559 3212)
4(520 1693 560 1653)
4(521 1733 561 1693)
4(522 1773 562 1733)
4(523 1813 563 1773)
4(524 1853 564 1813)
4(525 1893 565 1853)
4(526 1933 566 1893)
4(527 1973 567 1933)
4(528 2013 568 1973)
4(529 2053 569 2013)
4(530 2093 570 2053)
4(531 2133 571 2093)
4(532 2173 572 2133)
4(533 2213 573 2173)
4(534 2253 574 2213)
4(535 2293 575 2253)
4(536 2333 576 2293)
4(537 2373 577 2333)
4(538 2413 578 2373)
4(539 2453 579 2413)
4(540 2493 580 2453)
4(541 2533 581 2493)
4(542 2573 582 2533)
4(543 2613 583 2573)
4(544 2653 584 2613)
4(545 2693 585 2653)
4(546 2733 586 2693)
4(547 2773 587 2733)
4(548 2813 588 2773)
4(549 2853 589 2813)
4(550 2893 590 2853)
4(551 2933 591 2893)
4(552 2973 592 2933)
4(553 3013 593 2973)
4(554 3053 594 3013)
4(555 3093 595 3053)
4(556 3133 596 3093)
4(557 3173 597 3133)
4(558 3213 598 3173)
4(559 3253 599 3213)
4(560 1694 600 1654)
4(561 1734 601 1694)
4(562 1774 602 1734)
4(563 1814 603 1774)
4(564 1854 604 1814)
4(565 1894 605 1854)
4(566 1934 606 1894)
4(567 1974 607 1934)
4(568 2014 608 1974)
4(569 2054 609 2014)
4(570 2094 610 2054)
4(571 2134 611 2094)
4(572 2174 612 2134)
4(573 2214 613 2174)
4(574 2254 614 2214)
4(575 2294 615 2254)
4(576 2334 616 2294)
4(577 2374 617 2334)
4(578 2414 618 2374)
4(579 2454 619 2414)
4(580 2494 620 2454)
4(581 2534 621 2494)
4(582 2574 622 2534)
4(583 2614 623 2574)
4(584 2654 624 2614)
4(585 2694 625 2654)
4(586 2734 626 2694)
4(587 2774 627 2734)
4(588 2814 628 2774)
4(589 2854 629 2814)
4(590 2894 630 2854)
4(591 2934 631 2894)
4(592 2974 632 2934)
4(593 3014 633 2974)
4(594 3054 634 3014)
4(595 3094 635 3054)
4(596 3134 636 3094)
4(597 3174 637 3134)
4(598 3214 638 3174)
4(599 3254 639 3214)
4(600 1695 640 1655)
4(601 1735 641 1695)
4(602 1775 642 1735)
4(603 1815 643 1775)
4(604 1855 644 1815)
4(605 1895 645 1855)
4(606 1935 646 1895)
4(607 1975 647 1935)
4(608 2015 648 1975)
4(609 2055 649 2015)
4(610 2095 650 2055)
4(611 2135 651 2095)
4(612 2175 652 2135)
4(613 2215 653 2175)
4(614 2255 654 2215)
4(615 2295 655 2255)
4(616 2335 656 2295)
4(617 2375 657 2335)
4(618 2415 658 2375)
4(619 2455 659 2415)
4(620 2495 660 2455)
4(621 2535 661 2495)
4(622 2575 662 2535)
4(623 2615 663 2575)
4(624 2655 664 2615)
4(625 2695 665 2655)
4(626 2735 666 2695)
4(627 2775 667 2735)
4(628 2815 668 2775)
4(629 2855 669 2815)
4(630 2895 670 2855)
4(631 2935 671 2895)
4(632 2975 672 2935)
4(633 3015 673 2975)
4(634 3055 674 3015)
4(635 3095 675 3055)
4(636 3135 676 3095)
4(637 3175 677 3135)
4(638 3215 678 3175)
4(639 3255 679 3215)
4(640 1696 680 1656)
4(641 1736 681 1696)
4(642 1776 682 1736)
4(643 1816 683 1776)
4(644 1856 684 1816)
4(645 1896 685 1856)
4(646 1936 686 1896)
4(647 1976 687 1936)
4(648 2016 688 1976)
4(649 2056 689 2016)
4(650 2096 690 2056)
4(651 2136 691 2096)
4(652 2176 692 2136)
4(653 2216 693 2176)
4(654 2256 694 2216)
4(655 2296 695 2256)
4(656 2336 696 2296)
4(657 2376 697 2336)
4(658 2416 698 2376)
4(659 2456 699 2416)
4(660 2496 700 2456)
4(661 2536 701 2496)
4(662 2576 702 2536)
4(663 2616 703 2576)
4(664 2656 704 2616)
4(665 2696 705 2656)
4(666 2736 706 2696)
4(667 2776 707 2736)
4(668 2816 708 2776)
4(669 2856 709 2816)
4(670 2896 710 2856)
4(671 2936 711 2896)
4(672 2976 712 2936)
4(673 3016 713 2976)
4(674 3056 714 3016)
4(675 3096 715 3056)
4(676 3136 716 3096)
4(677 3176 717 3136)
4(678 3216 718 3176)
4(679 3256 719 3216)
4(680 1697 720 1657)
4(681 1737 721 1697)
4(682 1777 722 1737)
4(683 1817 723 1777)
4(684 1857 724 1817)
4(685 1897 725 1857)
4(686 1937 726 1897)
4(687 1977 727 1937)
4(688 2017 728 1977)
4(689 2057 729 2017)
4(690 2097 730 2057)
4(691 2137 731 2097)
4(692 2177 732 2137)
4(693 2217 733 2177)
4(694 2257 734 2217)
4(695 2297 735 2257)
4(696 2337 736 2297)
4(697 2377 737 2337)
4(698 2417 738 2377)
4(699 2457 739 2417)
4(700 2497 740 2457)
4(701 2537 741 2497)
4(702 2577 742 2537)
4(703 2617 743 2577)
4(704 2657 744 2617)
4(705 2697 745 2657)
4(706 2737 746 2697)
4(707 2777 747 2737)
4(708 2817 748 2777)
4(709 2857 749 2817)
4(710 2897 750 2857)
4(711 2937 751 2897)
4(712 2977 752 2937)
4(713 3017 753 2977)
4(714 3057 754 3017)
4(715 3097 755 3057)
4(716 3137 756 3097)
4(717 3177 757 3137)
4(718 3217 758 3177)
4(719 3257 759 3217)
4(720 1698 760 1658)
4(721 1738 761 1698)
4(722 1778 762 1738)
4(723 1818 763 1778)
4(724 1858 764 1818)
4(725 1898 765 1858)
4(726 1938 766 1898)
4(727 1978 767 1938)
4(728 2018 768 1978)
4(729 2058 769 2018)
4(730 2098 770 2058)
4(731 2138 771 2098)
4(732 2178 772 2138)
4(733 2218 773 2178)
4(734 2258 774 2218)
4(735 2298 775 2258)
4(736 2338 776 2298)
4(737 2378 777 2338)
4(738 2418 778 2378)
4(739 2458 779 2418)
4(740 2498 780 2458)
4(741 2538 781 2498)
4(742 2578 782 2538)
4(743 2618 783 2578)
4(744 2658 784 2618)
4(745 2698 785 2658)
4(746 2738 786 2698)
4(747 2778 787 2738)
4(748 2818 788 2778)
4(749 2858 789 2818)
4(750 2898 790 2858)
4(751 2938 791 2898)
4(752 2978 792 2938)
4(753 3018 793 2978)
4(754 3058 794 3018)
4(755 3098 795 3058)
4(756 3138 796 3098)
4(757 3178 797 3138)
4(758 3218 798 3178)
4(759 3258 799 3218)
4(760 1699 800 1659)
4(761 1739 801 1699)
4(762 1779 802 1739)
4(763 1819 803 1779)
4(764 1859 804 1819)
4(765 1899 805 1859)
4(766 1939 806 1899)
4(767 1979 807 1939)
4(768 2019 808 1979)
4(769 2059 809 2019)
4(770 2099 810 2059)
4(771 2139 811 2099)
4(772 2179 812 2139)
4(773 2219 813 2179)
4(774 2259 814 2219)
4(775 2299 815 2259)
4(776 2339 816 2299)
4(777 2379 817 2339)
4(778 2419 818 2379)
4(779 2459 819 2419)
4(780 2499 820 2459)
4(781 2539 821 2499)
4(782 2579 822 2539)
4(783 2619 823 2579)
4(784 2659 824 2619)
4(785 2699 825 2659)
4(786 2739 826 2699)
4(787 2779 827 2739)
4(788 2819 828 2779)
4(789 2859 829 2819)
4(790 2899 830 2859)
4(791 2939 831 2899)
4(792 2979 832 2939)
4(793 3019 833 2979)
4(794 3059 834 3019)
4(795 3099 835 3059)
4(796 3139 836 3099)
4(797 3179 837 3139)
4(798 3219 838 3179)
4(799 3259 839 3219)
4(800 1700 840 1660)
4(801 1740 841 1700)
4(802 1780 842 1740)
4(803 1820 843 1780)
4(804 1860 844 1820)
4(805 1900 845 1860)
4(806 1940 846 1900)
4(807 1980 847 1940)
4(808 2020 848 1980)
4(809 2060 849 2020)
4(810 2100 850 2060)
4(811 2140 851 2100)
4(812 2180 852 2140)
4(813 2220 853 2180)
4(814 2260 854 2220)
4(815 2300 855 2260)
4(816 2340 856 2300)
4(817 2380 857 2340)
4(818 2420 858 2380)
4(819 2460 859 2420)
4(820 2500 860 2460)
4(821 2540 861 2500)
4(822 2580 862 2540)
4(823 2620 863 2580)
4(824 2660 864 2620)
4(825 2700 865 2660)
4(826 2740 866 2700)
4(827 2780 867 2740)
4(828 2820 868 2780)
4(829 2860 869 2820)
4(830 2900 870 2860)
4(831 2940 871 2900)
4(832 2980 872 2940)
4(833 3020 873 2980)
4(834 3060 874 3020)
4(835 3100 875 3060)
4(836 3140 876 3100)
4(837 3180 877 3140)
4(838 3220 878 3180)
4(839 3260 879 3220)
4(840 1701 880 1661)
4(841 1741 881 1701)
4(842 1781 882 1741)
4(843 1821 883 1781)
4(844 1861 884 1821)
4(845 1901 885 1861)
4(846 1941 886 1901)
4(847 1981 887 1941)
4(848 2021 888 1981)
4(849 2061 889 2021)
4(850 2101 890 2061)
4(851 2141 891 2101)
4(852 2181 892 2141)
4(853 2221 893 2181)
4(854 2261 894 2221)
4(855 2301 895 2261)
4(856 2341 896 2301)
4(857 2381 897 2341)
4(858 2421 898 2381)
4(859 2461 899 2421)
4(860 2501 900 2461)
4(861 2541 901 2501)
4(862 2581 902 2541)
4(863 2621 903 2581)
4(864 2661 904 2621)
4(865 2701 905 2661)
4(866 2741 906 2701)
4(867 2781 907 2741)
4(868 2821 908 2781)
4(869 2861 909 2821)
4(870 2901 910 2861)
4(871 2941 911 2901)
4(872 2981 912 2941)
4(873 3021 913 2981)
4(874 3061 914 3021)
4(875 3101 915 3061)
4(876 3141 916 3101)
4(877 3181 917 3141)
4(878 3221 918 3181)
4(879 3261 919 3221)
4(880 1702 920 1662)
4(881 1742 921 1702)
4(882 1782 922 1742)
4(883 1822 923 1782)
4(884 1862 924 1822)
4(885 1902 925 1862)
4(886 1942 926 1902)
4(887 1982 927 1942)
4(888 2022 928 1982)
4(889 2062 929 2022)
4(890 2102 930 2062)
4(891 2142 931 2102)
4(892 2182 932 2142)
4(893 2222 933 2182)
4(894 2262 934 2222)
4(895 2302 935 2262)
4(896 2342 936 2302)
4(897 2382 937 2342)
4(898 2422 938 2382)
4(899 2462 939 2422)
4(900 2502 940 2462)
4(901 2542 941 2502)
4(902 2582 942 2542)
4(903 2622 943 2582)
4(904 2662 944 2622)
4(905 2702 945 2662)
4(906 2742 946 2702)
4(907 2782 947 2742)
4(908 2822 948 2782)
4(909 2862 949 2822)
4(910 2902 950 2862)
4(911 2942 951 2902)
4(912 2982 952 2942)
4(913 3022 953 2982)
4(914 3062 954 3022)
4(915 3102 955 3062)
4(916 3142 956 3102)
4(917 3182 957 3142)
4(918 3222 958 3182)
4(919 3262 959 3222)
4(920 1703 960 1663)
4(921 1743 961 1703)
4(922 1783 962 1743)
4(923 1823 963 1783)
4(924 1863 964 1823)
4(925 1903 965 1863)
4(926 1943 966 1903)
4(927 1983 967 1943)
4(928 2023 968 1983)
4(929 2063 969 2023)
4(930 2103 970 2063)
4(931 2143 971 2103)
4(932 2183 972 2143)
4(933 2223 973 2183)
4(934 2263 974 2223)
4(935 2303 975 2263)
4(936 2343 976 2303)
4(937 2383 977 2343)
4(938 2423 978 2383)
4(939 2463 979 2423)
4(940 2503 980 2463)
4(941 2543 981 2503)
4(942 2583 982 2543)
4(943 2623 983 2583)
4(944 2663 984 2623)
4(945 2703 985 2663)
4(946 2743 986 2703)
4(947 2783 987 2743)
4(948 2823 988 2783)
4(949 2863 989 2823)
4(950 2903 990 2863)
4(951 2943 991 2903)
4(952 2983 992 2943)
4(953 3023 993 2983)
4(954 3063 994 3023)
4(955 3103 995 3063)
4(956 3143 996 3103)
4(957 3183 997 3143)
4(958 3223 998 3183)
4(959 3263 999 3223)
4(960 1704 1000 1664)
4(961 1744 1001 1704)
4(962 1784 1002 1744)
4(963 1824 1003 1784)
4(964 1864 1004 1824)
4(965 1904 1005 1864)
4(966 1944 1006 1904)
4(967 1984 1007 1944)
4(968 2024 1008 1984)
4(969 2064 1009 2024)
4(970 2104 1010 2064)
4(971 2144 1011 2104)
4(972 2184 1012 2144)
4(973 2224 1013 2184)
4(974 2264 1014 2224)
4(975 2304 1015 2264)
4(976 2344 1016 2304)
4(977 2384 1017 2344)
4(978 2424 1018 2384)
4(979 2464 1019 2424)
4(980 2504 1020 2464)
4(981 2544 1021 2504)
4(982 2584 1022 2544)
4(983 2624 1023 2584)
4(984 2664 1024 2624)
4(985 2704 1025 2664)
4(986 2744 1026 2704)
4(987 2784 1027 2744)
4(988 2824 1028 2784)
4(989 2864 1029 2824)
4(990 2904 1030 2864)
4(991 2944 1031 2904)
4(992 2984 1032 2944)
4(993 3024 1033 2984)
4(994 3064 1034 3024)
4(995 3104 1035 3064)
4(996 3144 1036 3104)
4(997 3184 1037 3144)
4(998 3224 1038 3184)
4(999 3264 1039 3224)
4(1000 1705 1040 1665)
4(1001 1745 1041 1705)
4(1002 1785 1042 1745)
4(1003 1825 1043 1785)
4(1004 1865 1044 1825)
4(1005 1905 1045 1865)
4(1006 1945 1046 1905)
4(1007 1985 1047 1945)
4(1008 2025 1048 1985)
4(1009 2065 1049 2025)
4(1010 2105 1050 2065)
4(1011 2145 1051 2105)
4(1012 2185 1052 2145)
4(1013 2225 1053 2185)
4(1014 2265 1054 2225)
4(1015 2305 1055 2265)
4(1016 2345 1056 2305)
4(1017 2385 1057 2345)
4(1018 2425 1058 2385)
4(1019 2465 1059 2425)
4(1020 2505 1060 2465)
4(1021 2545 1061 2505)
4(1022 2585 1062 2545)
4(1023 2625 1063 2585)
4(1024 2665 1064 2625)
4(1025 2705 1065 2665)
4(1026 2745 1066 2705)
4(1027 2785 1067 2745)
4(1028 2825 1068 2785)
4(1029 2865 1069 2825)
4(1030 2905 1070 2865)
4(1031 2945 1071 2905)
4(1032 2985 1072 2945)
4(1033 3025 1073 2985)
4(1034 3065 1074 3025)
4(1035 3105 1075 3065)
4(1036 3145 1076 3105)
4(1037 3185 1077 3145)
4(1038 3225 1078 3185)
4(1039 3265 1079 3225)
4(1040 1706 1080 1666)
4(1041 1746 1081 1706)
4(1042 1786 1082 1746)
4(1043 1826 1083 1786)
4(1044 1866 1084 1826)
4(1045 1906 1085 1866)
4(1046 1946 1086 1906)
4(1047 1986 1087 1946)
4(1048 2026 1088 1986)
4(1049 2066 1089 2026)
4(1050 2106 1090 2066)
4(1051 2146 1091 2106)
4(1052 2186 1092 2146)
4(1053 2226 1093 2186)
4(1054 2266 1094 2226)
4(1055 2306 1095 2266)
4(1056 2346 1096 2306)
4(1057 2386 1097 2346)
4(1058 2426 1098 2386)
4(1059 2466 1099 2426)
4(1060 2506 1100 2466)
4(1061 2546 1101 2506)
4(1062 2586 1102 2546)
4(1063 2626 1103 2586)
4(1064 2666 1104 2626)
4(1065 2706 1105 2666)
4(1066 2746 1106 2706)
4(1067 2786 1107 2746)
4(1068 2826 1108 2786)
4(1069 2866 1109 2826)
4(1070 2906 1110 2866)
4(1071 2946 1111 2906)
4(1072 2986 1112 2946)
4(1073 3026 1113 2986)
4(1074 3066 1114 3026)
4(1075 3106 1115 3066)
4(1076 3146 1116 3106)
4(1077 3186 1117 3146)
4(1078 3226 1118 3186)
4(1079 3266 1119 3226)
4(1080 1707 1120 1667)
4(1081 1747 1121 1707)
4(1082 1787 1122 1747)
4(1083 1827 1123 1787)
4(1084 1867 1124 1827)
4(1085 1907 1125 1867)
4(1086 1947 1126 1907)
4(1087 1987 1127 1947)
4(1088 2027 1128 1987)
4(1089 2067 1129 2027)
4(1090 2107 1130 2067)
4(1091 2147 1131 2107)
4(1092 2187 1132 2147)
4(1093 2227 1133 2187)
4(1094 2267 1134 2227)
4(1095 2307 1135 2267)
4(1096 2347 1136 2307)
4(1097 2387 1137 2347)
4(1098 2427 1138 2387)
4(1099 2467 1139 2427)
4(1100 2507 1140 2467)
4(1101 2547 1141 2507)
4(1102 2587 1142 2547)
4(1103 2627 1143 2587)
4(1104 2667 1144 2627)
4(1105 2707 1145 2667)
4(1106 2747 1146 2707)
4(1107 2787 1147 2747)
4(1108 2827 1148 2787)
4(1109 2867 1149 2827)
4(1110 2907 1150 2867)
4(1111 2947 1151 2907)
4(1112 2987 1152 2947)
4(1113 3027 1153 2987)
4(1114 3067 1154 3027)
4(1115 3107 1155 3067)
4(1116 3147 1156 3107)
4(1117 3187 1157 3147)
4(1118 3227 1158 3187)
4(1119 3267 1159 3227)
4(1120 1708 1160 1668)
4(1121 1748 1161 1708)
4(1122 1788 1162 1748)
4(1123 1828 1163 1788)
4(1124 1868 1164 1828)
4(1125 1908 1165 1868)
4(1126 1948 1166 1908)
4(1127 1988 1167 1948)
4(1128 2028 1168 1988)
4(1129 2068 1169 2028)
4(1130 2108 1170 2068)
4(1131 2148 1171 2108)
4(1132 2188 1172 2148)
4(1133 2228 1173 2188)
4(1134 2268 1174 2228)
4(1135 2308 1175 2268)
4(1136 2348 1176 2308)
4(1137 2388 1177 2348)
4(1138 2428 1178 2388)
4(1139 2468 1179 2428)
4(1140 2508 1180 2468)
4(1141 2548 1181 2508)
4(1142 2588 1182 2548)
4(1143 2628 1183 2588)
4(1144 2668 1184 2628)
4(1145 2708 1185 2668)
4(1146 2748 1186 2708)
4(1147 2788 1187 2748)
4(1148 2828 1188 2788)
4(1149 2868 1189 2828)
4(1150 2908 1190 2868)
4(1151 2948 1191 2908)
4(1152 2988 1192 2948)
4(1153 3028 1193 2988)
4(1154 3068 1194 3028)
4(1155 3108 1195 3068)
4(1156 3148 1196 3108)
4(1157 3188 1197 3148)
4(1158 3228 1198 3188)
4(1159 3268 1199 3228)
4(1160 1709 1200 1669)
4(1161 1749 1201 1709)
4(1162 1789 1202 1749)
4(1163 1829 1203 1789)
4(1164 1869 1204 1829)
4(1165 1909 1205 1869)
4(1166 1949 1206 1909)
4(1167 1989 1207 1949)
4(1168 2029 1208 1989)
4(1169 2069 1209 2029)
4(1170 2109 1210 2069)
4(1171 2149 1211 2109)
4(1172 2189 1212 2149)
4(1173 2229 1213 2189)
4(1174 2269 1214 2229)
4(1175 2309 1215 2269)
4(1176 2349 1216 2309)
4(1177 2389 1217 2349)
4(1178 2429 1218 2389)
4(1179 2469 1219 2429)
4(1180 2509 1220 2469)
4(1181 2549 1221 2509)
4(1182 2589 1222 2549)
4(1183 2629 1223 2589)
4(1184 2669 1224 2629)
4(1185 2709 1225 2669)
4(1186 2749 1226 2709)
4(1187 2789 1227 2749)
4(1188 2829 1228 2789)
4(1189 2869 1229 2829)
4(1190 2909 1230 2869)
4(1191 2949 1231 2909)
4(1192 2989 1232 2949)
4(1193 3029 1233 2989)
4(1194 3069 1234 3029)
4(1195 3109 1235 3069)
4(1196 3149 1236 3109)
4(1197 3189 1237 3149)
4(1198 3229 1238 3189)
4(1199 3269 1239 3229)
4(1200 1710 1240 1670)
4(1201 1750 1241 1710)
4(1202 1790 1242 1750)
4(1203 1830 1243 1790)
4(1204 1870 1244 1830)
4(1205 1910 1245 1870)
4(1206 1950 1246 1910)
4(1207 1990 1247 1950)
4(1208 2030 1248 1990)
4(1209 2070 1249 2030)
4(1210 2110 1250 2070)
4(1211 2150 1251 2110)
4(1212 2190 1252 2150)
4(1213 2230 1253 2190)
4(1214 2270 1254 2230)
4(1215 2310 1255 2270)
4(1216 2350 1256 2310)
4(1217 2390 1257 2350)
4(1218 2430 1258 2390)
4(1219 2470 1259 2430)
4(1220 2510 1260 2470)
4(1221 2550 1261 2510)
4(1222 2590 1262 2550)
4(1223 2630 1263 2590)
4(1224 2670 1264 2630)
4(1225 2710 1265 2670)
4(1226 2750 1266 2710)
4(1227 2790 1267 2750)
4(1228 2830 1268 2790)
4(1229 2870 1269 2830)
4(1230 2910 1270 2870)
4(1231 2950 1271 2910)
4(1232 2990 1272 2950)
4(1233 3030 1273 2990)
4(1234 3070 1274 3030)
4(1235 3110 1275 3070)
4(1236 3150 1276 3110)
4(1237 3190 1277 3150)
4(1238 3230 1278 3190)
4(1239 3270 1279 3230)
4(1240 1711 1280 1671)
4(1241 1751 1281 1711)
4(1242 1791 1282 1751)
4(1243 1831 1283 1791)
4(1244 1871 1284 1831)
4(1245 1911 1285 1871)
4(1246 1951 1286 1911)
4(1247 1991 1287 1951)
4(1248 2031 1288 1991)
4(1249 2071 1289 2031)
4(1250 2111 1290 2071)
4(1251 2151 1291 2111)
4(1252 2191 1292 2151)
4(1253 2231 1293 2191)
4(1254 2271 1294 2231)
4(1255 2311 1295 2271)
4(1256 2351 1296 2311)
4(1257 2391 1297 2351)
4(1258 2431 1298 2391)
4(1259 2471 1299 2431)
4(1260 2511 1300 2471)
4(1261 2551 1301 2511)
4(1262 2591 1302 2551)
4(1263 2631 1303 2591)
4(1264 2671 1304 2631)
4(1265 2711 1305 2671)
4(1266 2751 1306 2711)
4(1267 2791 1307 2751)
4(1268 2831 1308 2791)
4(1269 2871 1309 2831)
4(1270 2911 1310 2871)
4(1271 2951 1311 2911)
4(1272 2991 1312 2951)
4(1273 3031 1313 2991)
4(1274 3071 1314 3031)
4(1275 3111 1315 3071)
4(1276 3151 1316 3111)
4(1277 3191 1317 3151)
4(1278 3231 1318 3191)
4(1279 3271 1319 3231)
4(1280 1712 1320 1672)
4(1281 1752 1321 1712)
4(1282 1792 1322 1752)
4(1283 1832 1323 1792)
4(1284 1872 1324 1832)
4(1285 1912 1325 1872)
4(1286 1952 1326 1912)
4(1287 1992 1327 1952)
4(1288 2032 1328 1992)
4(1289 2072 1329 2032)
4(1290 2112 1330 2072)
4(1291 2152 1331 2112)
4(1292 2192 1332 2152)
4(1293 2232 1333 2192)
4(1294 2272 1334 2232)
4(1295 2312 1335 2272)
4(1296 2352 1336 2312)
4(1297 2392 1337 2352)
4(1298 2432 1338 2392)
4(1299 2472 1339 2432)
4(1300 2512 1340 2472)
4(1301 2552 1341 2512)
4(1302 2592 1342 2552)
4(1303 2632 1343 2592)
4(1304 2672 1344 2632)
4(1305 2712 1345 2672)
4(1306 2752 1346 2712)
4(1307 2792 1347 2752)
4(1308 2832 1348 2792)
4(1309 2872 1349 2832)
4(1310 2912 1350 2872)
4(1311 2952 1351 2912)
4(1312 2992 1352 2952)
4(1313 3032 1353 2992)
4(1314 3072 1354 3032)
4(1315 3112 1355 3072)
4(1316 3152 1356 3112)
4(1317 3192 1357 3152)
4(1318 3232 1358 3192)
4(1319 3272 1359 3232)
4(1320 1713 1360 1673)
4(1321 1753 1361 1713)
4(1322 1793 1362 1753)
4(1323 1833 1363 1793)
4(1324 1873 1364 1833)
4(1325 1913 1365 1873)
4(1326 1953 1366 1913)
4(1327 1993 1367 1953)
4(1328 2033 1368 1993)
4(1329 2073 1369 2033)
4(1330 2113 1370 2073)
4(1331 2153 1371 2113)
4(1332 2193 1372 2153)
4(1333 2233 1373 2193)
4(1334 2273 1374 2233)
4(1335 2313 1375 2273)
4(1336 2353 1376 2313)
4(1337 2393 1377 2353)
4(1338 2433 1378 2393)
4(1339 2473 1379 2433)
4(1340 2513 1380 2473)
4(1341 2553 1381 2513)
4(1342 2593 1382 2553)
4(1343 2633 1383 2593)
4(1344 2673 1384 2633)
4(1345 2713 1385 2673)
4(1346 2753 1386 2713)
4(1347 2793 1387 2753)
4(1348 2833 1388 2793)
4(1349 2873 1389 2833)
4(1350 2913 1390 2873)
4(1351 2953 1391 2913)
4(1352 2993 1392 2953)
4(1353 3033 1393 2993)
4(1354 3073 1394 3033)
4(1355 3113 1395 3073)
4(1356 3153 1396 3113)
4(1357 3193 1397 3153)
4(1358 3233 1398 3193)
4(1359 3273 1399 3233)
4(1360 1714 1400 1674)
4(1361 1754 1401 1714)
4(1362 1794 1402 1754)
4(1363 1834 1403 1794)
4(1364 1874 1404 1834)
4(1365 1914 1405 1874)
4(1366 1954 1406 1914)
4(1367 1994 1407 1954)
4(1368 2034 1408 1994)
4(1369 2074 1409 2034)
4(1370 2114 1410 2074)
4(1371 2154 1411 2114)
4(1372 2194 1412 2154)
4(1373 2234 1413 2194)
4(1374 2274 1414 2234)
4(1375 2314 1415 2274)
4(1376 2354 1416 2314)
4(1377 2394 1417 2354)
4(1378 2434 1418 2394)
4(1379 2474 1419 2434)
4(1380 2514 1420 2474)
4(1381 2554 1421 2514)
4(1382 2594 1422 2554)
4(1383 2634 1423 2594)
4(1384 2674 1424 2634)
4(1385 2714 1425 2674)
4(1386 2754 1426 2714)
4(1387 2794 1427 2754)
4(1388 2834 1428 2794)
4(1389 2874 1429 2834)
4(1390 2914 1430 2874)
4(1391 2954 1431 2914)
4(1392 2994 1432 2954)
4(1393 3034 1433 2994)
4(1394 3074 1434 3034)
4(1395 3114 1435 3074)
4(1396 3154 1436 3114)
4(1397 3194 1437 3154)
4(1398 3234 1438 3194)
4(1399 3274 1439 3234)
4(1400 1715 1440 1675)
4(1401 1755 1441 1715)
4(1402 1795 1442 1755)
4(1403 1835 1443 1795)
4(1404 1875 1444 1835)
4(1405 1915 1445 1875)
4(1406 1955 1446 1915)
4(1407 1995 1447 1955)
4(1408 2035 1448 1995)
4(1409 2075 1449 2035)
4(1410 2115 1450 2075)
4(1411 2155 1451 2115)
4(1412 2195 1452 2155)
4(1413 2235 1453 2195)
4(1414 2275 1454 2235)
4(1415 2315 1455 2275)
4(1416 2355 1456 2315)
4(1417 2395 1457 2355)
4(1418 2435 1458 2395)
4(1419 2475 1459 2435)
4(1420 2515 1460 2475)
4(1421 2555 1461 2515)
4(1422 2595 1462 2555)
4(1423 2635 1463 2595)
4(1424 2675 1464 2635)
4(1425 2715 1465 2675)
4(1426 2755 1466 2715)
4(1427 2795 1467 2755)
4(1428 2835 1468 2795)
4(1429 2875 1469 2835)
4(1430 2915 1470 2875)
4(1431 2955 1471 2915)
4(1432 2995 1472 2955)
4(1433 3035 1473 2995)
4(1434 3075 1474 3035)
4(1435 3115 1475 3075)
4(1436 3155 1476 3115)
4(1437 3195 1477 3155)
4(1438 3235 1478 3195)
4(1439 3275 1479 3235)
4(1440 1716 1480 1676)
4(1441 1756 1481 1716)
4(1442 1796 1482 1756)
4(1443 1836 1483 1796)
4(1444 1876 1484 1836)
4(1445 1916 1485 1876)
4(1446 1956 1486 1916)
4(1447 1996 1487 1956)
4(1448 2036 1488 1996)
4(1449 2076 1489 2036)
4(1450 2116 1490 2076)
4(1451 2156 1491 2116)
4(1452 2196 1492 2156)
4(1453 2236 1493 2196)
4(1454 2276 1494 2236)
4(1455 2316 1495 2276)
4(1456 2356 1496 2316)
4(1457 2396 1497 2356)
4(1458 2436 1498 2396)
4(1459 2476 1499 2436)
4(1460 2516 1500 2476)
4(1461 2556 1501 2516)
4(1462 2596 1502 2556)
4(1463 2636 1503 2596)
4(1464 2676 1504 2636)
4(1465 2716 1505 2676)
4(1466 2756 1506 2716)
4(1467 2796 1507 2756)
4(1468 2836 1508 2796)
4(1469 2876 1509 2836)
4(1470 2916 1510 2876)
4(1471 2956 1511 2916)
4(1472 2996 1512 2956)
4(1473 3036 1513 2996)
4(1474 3076 1514 3036)
4(1475 3116 1515 3076)
4(1476 3156 1516 3116)
4(1477 3196 1517 3156)
4(1478 3236 1518 3196)
4(1479 3276 1519 3236)
4(1480 1717 1520 1677)
4(1481 1757 1521 1717)
4(1482 1797 1522 1757)
4(1483 1837 1523 1797)
4(1484 1877 1524 1837)
4(1485 1917 1525 1877)
4(1486 1957 1526 1917)
4(1487 1997 1527 1957)
4(1488 2037 1528 1997)
4(1489 2077 1529 2037)
4(1490 2117 1530 2077)
4(1491 2157 1531 2117)
4(1492 2197 1532 2157)
4(1493 2237 1533 2197)
4(1494 2277 1534 2237)
4(1495 2317 1535 2277)
4(1496 2357 1536 2317)
4(1497 2397 1537 2357)
4(1498 2437 1538 2397)
4(1499 2477 1539 2437)
4(1500 2517 1540 2477)
4(1501 2557 1541 2517)
4(1502 2597 1542 2557)
4(1503 2637 1543 2597)
4(1504 2677 1544 2637)
4(1505 2717 1545 2677)
4(1506 2757 1546 2717)
4(1507 2797 1547 2757)
4(1508 2837 1548 2797)
4(1509 2877 1549 2837)
4(1510 2917 1550 2877)
4(1511 2957 1551 2917)
4(1512 2997 1552 2957)
4(1513 3037 1553 2997)
4(1514 3077 1554 3037)
4(1515 3117 1555 3077)
4(1516 3157 1556 3117)
4(1517 3197 1557 3157)
4(1518 3237 1558 3197)
4(1519 3277 1559 3237)
4(1520 1718 1560 1678)
4(1521 1758 1561 1718)
4(1522 1798 1562 1758)
4(1523 1838 1563 1798)
4(1524 1878 1564 1838)
4(1525 1918 1565 1878)
4(1526 1958 1566 1918)
4(1527 1998 1567 1958)
4(1528 2038 1568 1998)
4(1529 2078 1569 2038)
4(1530 2118 1570 2078)
4(1531 2158 1571 2118)
4(1532 2198 1572 2158)
4(1533 2238 1573 2198)
4(1534 2278 1574 2238)
4(1535 2318 1575 2278)
4(1536 2358 1576 2318)
4(1537 2398 1577 2358)
4(1538 2438 1578 2398)
4(1539 2478 1579 2438)
4(1540 2518 1580 2478)
4(1541 2558 1581 2518)
4(1542 2598 1582 2558)
4(1543 2638 1583 2598)
4(1544 2678 1584 2638)
4(1545 2718 1585 2678)
4(1546 2758 1586 2718)
4(1547 2798 1587 2758)
4(1548 2838 1588 2798)
4(1549 2878 1589 2838)
4(1550 2918 1590 2878)
4(1551 2958 1591 2918)
4(1552 2998 1592 2958)
4(1553 3038 1593 2998)
4(1554 3078 1594 3038)
4(1555 3118 1595 3078)
4(1556 3158 1596 3118)
4(1557 3198 1597 3158)
4(1558 3238 1598 3198)
4(1559 3278 1599 3238)
4(1560 1719 1600 1679)
4(1561 1759 1601 1719)
4(1562 1799 1602 1759)
4(1563 1839 1603 1799)
4(1564 1879 1604 1839)
4(1565 1919 1605 1879)
4(1566 1959 1606 1919)
4(1567 1999 1607 1959)
4(1568 2039 1608 1999)
4(1569 2079 1609 2039)
4(1570 2119 1610 2079)
4(1571 2159 1611 2119)
4(1572 2199 1612 2159)
4(1573 2239 1613 2199)
4(1574 2279 1614 2239)
4(1575 2319 1615 2279)
4(1576 2359 1616 2319)
4(1577 2399 1617 2359)
4(1578 2439 1618 2399)
4(1579 2479 1619 2439)
4(1580 2519 1620 2479)
4(1581 2559 1621 2519)
4(1582 2599 1622 2559)
4(1583 2639 1623 2599)
4(1584 2679 1624 2639)
4(1585 2719 1625 2679)
4(1586 2759 1626 2719)
4(1587 2799 1627 2759)
4(1588 2839 1628 2799)
4(1589 2879 1629 2839)
4(1590 2919 1630 2879)
4(1591 2959 1631 2919)
4(1592 2999 1632 2959)
4(1593 3039 1633 2999)
4(1594 3079 1634 3039)
4(1595 3119 1635 3079)
4(1596 3159 1636 3119)
4(1597 3199 1637 3159)
4(1598 3239 1638 3199)
4(1599 3279 1639 3239)
)
