3280
(
2(0 1)
2(1 2)
2(2 3)
2(3 4)
2(4 5)
2(5 6)
2(6 7)
2(7 8)
2(8 9)
2(9 10)
2(10 11)
2(11 12)
2(12 13)
2(13 14)
2(14 15)
2(15 16)
2(16 17)
2(17 18)
2(18 19)
2(19 20)
2(20 21)
2(21 22)
2(22 23)
2(23 24)
2(24 25)
2(25 26)
2(26 27)
2(27 28)
2(28 29)
2(29 30)
2(30 31)
2(31 32)
2(32 33)
2(33 34)
2(34 35)
2(35 36)
2(36 37)
2(37 38)
2(38 39)
2(39 40)
2(41 42)
2(42 43)
2(43 44)
2(44 45)
2(45 46)
2(46 47)
2(47 48)
2(48 49)
2(49 50)
2(50 51)
2(51 52)
2(52 53)
2(53 54)
2(54 55)
2(55 56)
2(56 57)
2(57 58)
2(58 59)
2(59 60)
2(60 61)
2(61 62)
2(62 63)
2(63 64)
2(64 65)
2(65 66)
2(66 67)
2(67 68)
2(68 69)
2(69 70)
2(70 71)
2(71 72)
2(72 73)
2(73 74)
2(74 75)
2(75 76)
2(76 77)
2(77 78)
2(78 79)
2(79 80)
2(80 81)
2(82 83)
2(83 84)
2(84 85)
2(85 86)
2(86 87)
2(87 88)
2(88 89)
2(89 90)
2(90 91)
2(91 92)
2(92 93)
2(93 94)
2(94 95)
2(95 96)
2(96 97)
2(97 98)
2(98 99)
2(99 100)
2(100 101)
2(101 102)
2(102 103)
2(103 104)
2(104 105)
2(105 106)
2(106 107)
2(107 108)
2(108 109)
2(109 110)
2(110 111)
2(111 112)
2(112 113)
2(113 114)
2(114 115)
2(115 116)
2(116 117)
2(117 118)
2(118 119)
2(119 120)
2(120 121)
2(121 122)
2(123 124)
2(124 125)
2(125 126)
2(126 127)
2(127 128)
2(128 129)
2(129 130)
2(130 131)
2(131 132)
2(132 133)
2(133 134)
2(134 135)
2(135 136)
2(136 137)
2(137 138)
2(138 139)
2(139 140)
2(140 141)
2(141 142)
2(142 143)
2(143 144)
2(144 145)
2(145 146)
2(146 147)
2(147 148)
2(148 149)
2(149 150)
2(150 151)
2(151 152)
2(152 153)
2(153 154)
2(154 155)
2(155 156)
2(156 157)
2(157 158)
2(158 159)
2(159 160)
2(160 161)
2(161 162)
2(162 163)
2(164 165)
2(165 166)
2(166 167)
2(167 168)
2(168 169)
2(169 170)
2(170 171)
2(171 172)
2(172 173)
2(173 174)
2(174 175)
2(175 176)
2(176 177)
2(177 178)
2(178 179)
2(179 180)
2(180 181)
2(181 182)
2(182 183)
2(183 184)
2(184 185)
2(185 186)
2(186 187)
2(187 188)
2(188 189)
2(189 190)
2(190 191)
2(191 192)
2(192 193)
2(193 194)
2(194 195)
2(195 196)
2(196 197)
2(197 198)
2(198 199)
2(199 200)
2(200 201)
2(201 202)
2(202 203)
2(203 204)
2(205 206)
2(206 207)
2(207 208)
2(208 209)
2(209 210)
2(210 211)
2(211 212)
2(212 213)
2(213 214)
2(214 215)
2(215 216)
2(216 217)
2(217 218)
2(218 219)
2(219 220)
2(220 221)
2(221 222)
2(222 223)
2(223 224)
2(224 225)
2(225 226)
2(226 227)
2(227 228)
2(228 229)
2(229 230)
2(230 231)
2(231 232)
2(232 233)
2(233 234)
2(234 235)
2(235 236)
2(236 237)
2(237 238)
2(238 239)
2(239 240)
2(240 241)
2(241 242)
2(242 243)
2(243 244)
2(244 245)
2(246 247)
2(247 248)
2(248 249)
2(249 250)
2(250 251)
2(251 252)
2(252 253)
2(253 254)
2(254 255)
2(255 256)
2(256 257)
2(257 258)
2(258 259)
2(259 260)
2(260 261)
2(261 262)
2(262 263)
2(263 264)
2(264 265)
2(265 266)
2(266 267)
2(267 268)
2(268 269)
2(269 270)
2(270 271)
2(271 272)
2(272 273)
2(273 274)
2(274 275)
2(275 276)
2(276 277)
2(277 278)
2(278 279)
2(279 280)
2(280 281)
2(281 282)
2(282 283)
2(283 284)
2(284 285)
2(285 286)
2(287 288)
2(288 289)
2(289 290)
2(290 291)
2(291 292)
2(292 293)
2(293 294)
2(294 295)
2(295 296)
2(296 297)
2(297 298)
2(298 299)
2(299 300)
2(300 301)
2(301 302)
2(302 303)
2(303 304)
2(304 305)
2(305 306)
2(306 307)
2(307 308)
2(308 309)
2(309 310)
2(310 311)
2(311 312)
2(312 313)
2(313 314)
2(314 315)
2(315 316)
2(316 317)
2(317 318)
2(318 319)
2(319 320)
2(320 321)
2(321 322)
2(322 323)
2(323 324)
2(324 325)
2(325 326)
2(326 327)
2(328 329)
2(329 330)
2(330 331)
2(331 332)
2(332 333)
2(333 334)
2(334 335)
2(335 336)
2(336 337)
2(337 338)
2(338 339)
2(339 340)
2(340 341)
2(341 342)
2(342 343)
2(343 344)
2(344 345)
2(345 346)
2(346 347)
2(347 348)
2(348 349)
2(349 350)
2(350 351)
2(351 352)
2(352 353)
2(353 354)
2(354 355)
2(355 356)
2(356 357)
2(357 358)
2(358 359)
2(359 360)
2(360 361)
2(361 362)
2(362 363)
2(363 364)
2(364 365)
2(365 366)
2(366 367)
2(367 368)
2(369 370)
2(370 371)
2(371 372)
2(372 373)
2(373 374)
2(374 375)
2(375 376)
2(376 377)
2(377 378)
2(378 379)
2(379 380)
2(380 381)
2(381 382)
2(382 383)
2(383 384)
2(384 385)
2(385 386)
2(386 387)
2(387 388)
2(388 389)
2(389 390)
2(390 391)
2(391 392)
2(392 393)
2(393 394)
2(394 395)
2(395 396)
2(396 397)
2(397 398)
2(398 399)
2(399 400)
2(400 401)
2(401 402)
2(402 403)
2(403 404)
2(404 405)
2(405 406)
2(406 407)
2(407 408)
2(408 409)
2(410 411)
2(411 412)
2(412 413)
2(413 414)
2(414 415)
2(415 416)
2(416 417)
2(417 418)
2(418 419)
2(419 420)
2(420 421)
2(421 422)
2(422 423)
2(423 424)
2(424 425)
2(425 426)
2(426 427)
2(427 428)
2(428 429)
2(429 430)
2(430 431)
2(431 432)
2(432 433)
2(433 434)
2(434 435)
2(435 436)
2(436 437)
2(437 438)
2(438 439)
2(439 440)
2(440 441)
2(441 442)
2(442 443)
2(443 444)
2(444 445)
2(445 446)
2(446 447)
2(447 448)
2(448 449)
2(449 450)
2(451 452)
2(452 453)
2(453 454)
2(454 455)
2(455 456)
2(456 457)
2(457 458)
2(458 459)
2(459 460)
2(460 461)
2(461 462)
2(462 463)
2(463 464)
2(464 465)
2(465 466)
2(466 467)
2(467 468)
2(468 469)
2(469 470)
2(470 471)
2(471 472)
2(472 473)
2(473 474)
2(474 475)
2(475 476)
2(476 477)
2(477 478)
2(478 479)
2(479 480)
2(480 481)
2(481 482)
2(482 483)
2(483 484)
2(484 485)
2(485 486)
2(486 487)
2(487 488)
2(488 489)
2(489 490)
2(490 491)
2(492 493)
2(493 494)
2(494 495)
2(495 496)
2(496 497)
2(497 498)
2(498 499)
2(499 500)
2(500 501)
2(501 502)
2(502 503)
2(503 504)
2(504 505)
2(505 506)
2(506 507)
2(507 508)
2(508 509)
2(509 510)
2(510 511)
2(511 512)
2(512 513)
2(513 514)
2(514 515)
2(515 516)
2(516 517)
2(517 518)
2(518 519)
2(519 520)
2(520 521)
2(521 522)
2(522 523)
2(523 524)
2(524 525)
2(525 526)
2(526 527)
2(527 528)
2(528 529)
2(529 530)
2(530 531)
2(531 532)
2(533 534)
2(534 535)
2(535 536)
2(536 537)
2(537 538)
2(538 539)
2(539 540)
2(540 541)
2(541 542)
2(542 543)
2(543 544)
2(544 545)
2(545 546)
2(546 547)
2(547 548)
2(548 549)
2(549 550)
2(550 551)
2(551 552)
2(552 553)
2(553 554)
2(554 555)
2(555 556)
2(556 557)
2(557 558)
2(558 559)
2(559 560)
2(560 561)
2(561 562)
2(562 563)
2(563 564)
2(564 565)
2(565 566)
2(566 567)
2(567 568)
2(568 569)
2(569 570)
2(570 571)
2(571 572)
2(572 573)
2(574 575)
2(575 576)
2(576 577)
2(577 578)
2(578 579)
2(579 580)
2(580 581)
2(581 582)
2(582 583)
2(583 584)
2(584 585)
2(585 586)
2(586 587)
2(587 588)
2(588 589)
2(589 590)
2(590 591)
2(591 592)
2(592 593)
2(593 594)
2(594 595)
2(595 596)
2(596 597)
2(597 598)
2(598 599)
2(599 600)
2(600 601)
2(601 602)
2(602 603)
2(603 604)
2(604 605)
2(605 606)
2(606 607)
2(607 608)
2(608 609)
2(609 610)
2(610 611)
2(611 612)
2(612 613)
2(613 614)
2(615 616)
2(616 617)
2(617 618)
2(618 619)
2(619 620)
2(620 621)
2(621 622)
2(622 623)
2(623 624)
2(624 625)
2(625 626)
2(626 627)
2(627 628)
2(628 629)
2(629 630)
2(630 631)
2(631 632)
2(632 633)
2(633 634)
2(634 635)
2(635 636)
2(636 637)
2(637 638)
2(638 639)
2(639 640)
2(640 641)
2(641 642)
2(642 643)
2(643 644)
2(644 645)
2(645 646)
2(646 647)
2(647 648)
2(648 649)
2(649 650)
2(650 651)
2(651 652)
2(652 653)
2(653 654)
2(654 655)
2(656 657)
2(657 658)
2(658 659)
2(659 660)
2(660 661)
2(661 662)
2(662 663)
2(663 664)
2(664 665)
2(665 666)
2(666 667)
2(667 668)
2(668 669)
2(669 670)
2(670 671)
2(671 672)
2(672 673)
2(673 674)
2(674 675)
2(675 676)
2(676 677)
2(677 678)
2(678 679)
2(679 680)
2(680 681)
2(681 682)
2(682 683)
2(683 684)
2(684 685)
2(685 686)
2(686 687)
2(687 688)
2(688 689)
2(689 690)
2(690 691)
2(691 692)
2(692 693)
2(693 694)
2(694 695)
2(695 696)
2(697 698)
2(698 699)
2(699 700)
2(700 701)
2(701 702)
2(702 703)
2(703 704)
2(704 705)
2(705 706)
2(706 707)
2(707 708)
2(708 709)
2(709 710)
2(710 711)
2(711 712)
2(712 713)
2(713 714)
2(714 715)
2(715 716)
2(716 717)
2(717 718)
2(718 719)
2(719 720)
2(720 721)
2(721 722)
2(722 723)
2(723 724)
2(724 725)
2(725 726)
2(726 727)
2(727 728)
2(728 729)
2(729 730)
2(730 731)
2(731 732)
2(732 733)
2(733 734)
2(734 735)
2(735 736)
2(736 737)
2(738 739)
2(739 740)
2(740 741)
2(741 742)
2(742 743)
2(743 744)
2(744 745)
2(745 746)
2(746 747)
2(747 748)
2(748 749)
2(749 750)
2(750 751)
2(751 752)
2(752 753)
2(753 754)
2(754 755)
2(755 756)
2(756 757)
2(757 758)
2(758 759)
2(759 760)
2(760 761)
2(761 762)
2(762 763)
2(763 764)
2(764 765)
2(765 766)
2(766 767)
2(767 768)
2(768 769)
2(769 770)
2(770 771)
2(771 772)
2(772 773)
2(773 774)
2(774 775)
2(775 776)
2(776 777)
2(777 778)
2(779 780)
2(780 781)
2(781 782)
2(782 783)
2(783 784)
2(784 785)
2(785 786)
2(786 787)
2(787 788)
2(788 789)
2(789 790)
2(790 791)
2(791 792)
2(792 793)
2(793 794)
2(794 795)
2(795 796)
2(796 797)
2(797 798)
2(798 799)
2(799 800)
2(800 801)
2(801 802)
2(802 803)
2(803 804)
2(804 805)
2(805 806)
2(806 807)
2(807 808)
2(808 809)
2(809 810)
2(810 811)
2(811 812)
2(812 813)
2(813 814)
2(814 815)
2(815 816)
2(816 817)
2(817 818)
2(818 819)
2(820 821)
2(821 822)
2(822 823)
2(823 824)
2(824 825)
2(825 826)
2(826 827)
2(827 828)
2(828 829)
2(829 830)
2(830 831)
2(831 832)
2(832 833)
2(833 834)
2(834 835)
2(835 836)
2(836 837)
2(837 838)
2(838 839)
2(839 840)
2(840 841)
2(841 842)
2(842 843)
2(843 844)
2(844 845)
2(845 846)
2(846 847)
2(847 848)
2(848 849)
2(849 850)
2(850 851)
2(851 852)
2(852 853)
2(853 854)
2(854 855)
2(855 856)
2(856 857)
2(857 858)
2(858 859)
2(859 860)
2(861 862)
2(862 863)
2(863 864)
2(864 865)
2(865 866)
2(866 867)
2(867 868)
2(868 869)
2(869 870)
2(870 871)
2(871 872)
2(872 873)
2(873 874)
2(874 875)
2(875 876)
2(876 877)
2(877 878)
2(878 879)
2(879 880)
2(880 881)
2(881 882)
2(882 883)
2(883 884)
2(884 885)
2(885 886)
2(886 887)
2(887 888)
2(888 889)
2(889 890)
2(890 891)
2(891 892)
2(892 893)
2(893 894)
2(894 895)
2(895 896)
2(896 897)
2(897 898)
2(898 899)
2(899 900)
2(900 901)
2(902 903)
2(903 904)
2(904 905)
2(905 906)
2(906 907)
2(907 908)
2(908 909)
2(909 910)
2(910 911)
2(911 912)
2(912 913)
2(913 914)
2(914 915)
2(915 916)
2(916 917)
2(917 918)
2(918 919)
2(919 920)
2(920 921)
2(921 922)
2(922 923)
2(923 924)
2(924 925)
2(925 926)
2(926 927)
2(927 928)
2(928 929)
2(929 930)
2(930 931)
2(931 932)
2(932 933)
2(933 934)
2(934 935)
2(935 936)
2(936 937)
2(937 938)
2(938 939)
2(939 940)
2(940 941)
2(941 942)
2(943 944)
2(944 945)
2(945 946)
2(946 947)
2(947 948)
2(948 949)
2(949 950)
2(950 951)
2(951 952)
2(952 953)
2(953 954)
2(954 955)
2(955 956)
2(956 957)
2(957 958)
2(958 959)
2(959 960)
2(960 961)
2(961 962)
2(962 963)
2(963 964)
2(964 965)
2(965 966)
2(966 967)
2(967 968)
2(968 969)
2(969 970)
2(970 971)
2(971 972)
2(972 973)
2(973 974)
2(974 975)
2(975 976)
2(976 977)
2(977 978)
2(978 979)
2(979 980)
2(980 981)
2(981 982)
2(982 983)
2(984 985)
2(985 986)
2(986 987)
2(987 988)
2(988 989)
2(989 990)
2(990 991)
2(991 992)
2(992 993)
2(993 994)
2(994 995)
2(995 996)
2(996 997)
2(997 998)
2(998 999)
2(999 1000)
2(1000 1001)
2(1001 1002)
2(1002 1003)
2(1003 1004)
2(1004 1005)
2(1005 1006)
2(1006 1007)
2(1007 1008)
2(1008 1009)
2(1009 1010)
2(1010 1011)
2(1011 1012)
2(1012 1013)
2(1013 1014)
2(1014 1015)
2(1015 1016)
2(1016 1017)
2(1017 1018)
2(1018 1019)
2(1019 1020)
2(1020 1021)
2(1021 1022)
2(1022 1023)
2(1023 1024)
2(1025 1026)
2(1026 1027)
2(1027 1028)
2(1028 1029)
2(1029 1030)
2(1030 1031)
2(1031 1032)
2(1032 1033)
2(1033 1034)
2(1034 1035)
2(1035 1036)
2(1036 1037)
2(1037 1038)
2(1038 1039)
2(1039 1040)
2(1040 1041)
2(1041 1042)
2(1042 1043)
2(1043 1044)
2(1044 1045)
2(1045 1046)
2(1046 1047)
2(1047 1048)
2(1048 1049)
2(1049 1050)
2(1050 1051)
2(1051 1052)
2(1052 1053)
2(1053 1054)
2(1054 1055)
2(1055 1056)
2(1056 1057)
2(1057 1058)
2(1058 1059)
2(1059 1060)
2(1060 1061)
2(1061 1062)
2(1062 1063)
2(1063 1064)
2(1064 1065)
2(1066 1067)
2(1067 1068)
2(1068 1069)
2(1069 1070)
2(1070 1071)
2(1071 1072)
2(1072 1073)
2(1073 1074)
2(1074 1075)
2(1075 1076)
2(1076 1077)
2(1077 1078)
2(1078 1079)
2(1079 1080)
2(1080 1081)
2(1081 1082)
2(1082 1083)
2(1083 1084)
2(1084 1085)
2(1085 1086)
2(1086 1087)
2(1087 1088)
2(1088 1089)
2(1089 1090)
2(1090 1091)
2(1091 1092)
2(1092 1093)
2(1093 1094)
2(1094 1095)
2(1095 1096)
2(1096 1097)
2(1097 1098)
2(1098 1099)
2(1099 1100)
2(1100 1101)
2(1101 1102)
2(1102 1103)
2(1103 1104)
2(1104 1105)
2(1105 1106)
2(1107 1108)
2(1108 1109)
2(1109 1110)
2(1110 1111)
2(1111 1112)
2(1112 1113)
2(1113 1114)
2(1114 1115)
2(1115 1116)
2(1116 1117)
2(1117 1118)
2(1118 1119)
2(1119 1120)
2(1120 1121)
2(1121 1122)
2(1122 1123)
2(1123 1124)
2(1124 1125)
2(1125 1126)
2(1126 1127)
2(1127 1128)
2(1128 1129)
2(1129 1130)
2(1130 1131)
2(1131 1132)
2(1132 1133)
2(1133 1134)
2(1134 1135)
2(1135 1136)
2(1136 1137)
2(1137 1138)
2(1138 1139)
2(1139 1140)
2(1140 1141)
2(1141 1142)
2(1142 1143)
2(1143 1144)
2(1144 1145)
2(1145 1146)
2(1146 1147)
2(1148 1149)
2(1149 1150)
2(1150 1151)
2(1151 1152)
2(1152 1153)
2(1153 1154)
2(1154 1155)
2(1155 1156)
2(1156 1157)
2(1157 1158)
2(1158 1159)
2(1159 1160)
2(1160 1161)
2(1161 1162)
2(1162 1163)
2(1163 1164)
2(1164 1165)
2(1165 1166)
2(1166 1167)
2(1167 1168)
2(1168 1169)
2(1169 1170)
2(1170 1171)
2(1171 1172)
2(1172 1173)
2(1173 1174)
2(1174 1175)
2(1175 1176)
2(1176 1177)
2(1177 1178)
2(1178 1179)
2(1179 1180)
2(1180 1181)
2(1181 1182)
2(1182 1183)
2(1183 1184)
2(1184 1185)
2(1185 1186)
2(1186 1187)
2(1187 1188)
2(1189 1190)
2(1190 1191)
2(1191 1192)
2(1192 1193)
2(1193 1194)
2(1194 1195)
2(1195 1196)
2(1196 1197)
2(1197 1198)
2(1198 1199)
2(1199 1200)
2(1200 1201)
2(1201 1202)
2(1202 1203)
2(1203 1204)
2(1204 1205)
2(1205 1206)
2(1206 1207)
2(1207 1208)
2(1208 1209)
2(1209 1210)
2(1210 1211)
2(1211 1212)
2(1212 1213)
2(1213 1214)
2(1214 1215)
2(1215 1216)
2(1216 1217)
2(1217 1218)
2(1218 1219)
2(1219 1220)
2(1220 1221)
2(1221 1222)
2(1222 1223)
2(1223 1224)
2(1224 1225)
2(1225 1226)
2(1226 1227)
2(1227 1228)
2(1228 1229)
2(1230 1231)
2(1231 1232)
2(1232 1233)
2(1233 1234)
2(1234 1235)
2(1235 1236)
2(1236 1237)
2(1237 1238)
2(1238 1239)
2(1239 1240)
2(1240 1241)
2(1241 1242)
2(1242 1243)
2(1243 1244)
2(1244 1245)
2(1245 1246)
2(1246 1247)
2(1247 1248)
2(1248 1249)
2(1249 1250)
2(1250 1251)
2(1251 1252)
2(1252 1253)
2(1253 1254)
2(1254 1255)
2(1255 1256)
2(1256 1257)
2(1257 1258)
2(1258 1259)
2(1259 1260)
2(1260 1261)
2(1261 1262)
2(1262 1263)
2(1263 1264)
2(1264 1265)
2(1265 1266)
2(1266 1267)
2(1267 1268)
2(1268 1269)
2(1269 1270)
2(1271 1272)
2(1272 1273)
2(1273 1274)
2(1274 1275)
2(1275 1276)
2(1276 1277)
2(1277 1278)
2(1278 1279)
2(1279 1280)
2(1280 1281)
2(1281 1282)
2(1282 1283)
2(1283 1284)
2(1284 1285)
2(1285 1286)
2(1286 1287)
2(1287 1288)
2(1288 1289)
2(1289 1290)
2(1290 1291)
2(1291 1292)
2(1292 1293)
2(1293 1294)
2(1294 1295)
2(1295 1296)
2(1296 1297)
2(1297 1298)
2(1298 1299)
2(1299 1300)
2(1300 1301)
2(1301 1302)
2(1302 1303)
2(1303 1304)
2(1304 1305)
2(1305 1306)
2(1306 1307)
2(1307 1308)
2(1308 1309)
2(1309 1310)
2(1310 1311)
2(1312 1313)
2(1313 1314)
2(1314 1315)
2(1315 1316)
2(1316 1317)
2(1317 1318)
2(1318 1319)
2(1319 1320)
2(1320 1321)
2(1321 1322)
2(1322 1323)
2(1323 1324)
2(1324 1325)
2(1325 1326)
2(1326 1327)
2(1327 1328)
2(1328 1329)
2(1329 1330)
2(1330 1331)
2(1331 1332)
2(1332 1333)
2(1333 1334)
2(1334 1335)
2(1335 1336)
2(1336 1337)
2(1337 1338)
2(1338 1339)
2(1339 1340)
2(1340 1341)
2(1341 1342)
2(1342 1343)
2(1343 1344)
2(1344 1345)
2(1345 1346)
2(1346 1347)
2(1347 1348)
2(1348 1349)
2(1349 1350)
2(1350 1351)
2(1351 1352)
2(1353 1354)
2(1354 1355)
2(1355 1356)
2(1356 1357)
2(1357 1358)
2(1358 1359)
2(1359 1360)
2(1360 1361)
2(1361 1362)
2(1362 1363)
2(1363 1364)
2(1364 1365)
2(1365 1366)
2(1366 1367)
2(1367 1368)
2(1368 1369)
2(1369 1370)
2(1370 1371)
2(1371 1372)
2(1372 1373)
2(1373 1374)
2(1374 1375)
2(1375 1376)
2(1376 1377)
2(1377 1378)
2(1378 1379)
2(1379 1380)
2(1380 1381)
2(1381 1382)
2(1382 1383)
2(1383 1384)
2(1384 1385)
2(1385 1386)
2(1386 1387)
2(1387 1388)
2(1388 1389)
2(1389 1390)
2(1390 1391)
2(1391 1392)
2(1392 1393)
2(1394 1395)
2(1395 1396)
2(1396 1397)
2(1397 1398)
2(1398 1399)
2(1399 1400)
2(1400 1401)
2(1401 1402)
2(1402 1403)
2(1403 1404)
2(1404 1405)
2(1405 1406)
2(1406 1407)
2(1407 1408)
2(1408 1409)
2(1409 1410)
2(1410 1411)
2(1411 1412)
2(1412 1413)
2(1413 1414)
2(1414 1415)
2(1415 1416)
2(1416 1417)
2(1417 1418)
2(1418 1419)
2(1419 1420)
2(1420 1421)
2(1421 1422)
2(1422 1423)
2(1423 1424)
2(1424 1425)
2(1425 1426)
2(1426 1427)
2(1427 1428)
2(1428 1429)
2(1429 1430)
2(1430 1431)
2(1431 1432)
2(1432 1433)
2(1433 1434)
2(1435 1436)
2(1436 1437)
2(1437 1438)
2(1438 1439)
2(1439 1440)
2(1440 1441)
2(1441 1442)
2(1442 1443)
2(1443 1444)
2(1444 1445)
2(1445 1446)
2(1446 1447)
2(1447 1448)
2(1448 1449)
2(1449 1450)
2(1450 1451)
2(1451 1452)
2(1452 1453)
2(1453 1454)
2(1454 1455)
2(1455 1456)
2(1456 1457)
2(1457 1458)
2(1458 1459)
2(1459 1460)
2(1460 1461)
2(1461 1462)
2(1462 1463)
2(1463 1464)
2(1464 1465)
2(1465 1466)
2(1466 1467)
2(1467 1468)
2(1468 1469)
2(1469 1470)
2(1470 1471)
2(1471 1472)
2(1472 1473)
2(1473 1474)
2(1474 1475)
2(1476 1477)
2(1477 1478)
2(1478 1479)
2(1479 1480)
2(1480 1481)
2(1481 1482)
2(1482 1483)
2(1483 1484)
2(1484 1485)
2(1485 1486)
2(1486 1487)
2(1487 1488)
2(1488 1489)
2(1489 1490)
2(1490 1491)
2(1491 1492)
2(1492 1493)
2(1493 1494)
2(1494 1495)
2(1495 1496)
2(1496 1497)
2(1497 1498)
2(1498 1499)
2(1499 1500)
2(1500 1501)
2(1501 1502)
2(1502 1503)
2(1503 1504)
2(1504 1505)
2(1505 1506)
2(1506 1507)
2(1507 1508)
2(1508 1509)
2(1509 1510)
2(1510 1511)
2(1511 1512)
2(1512 1513)
2(1513 1514)
2(1514 1515)
2(1515 1516)
2(1517 1518)
2(1518 1519)
2(1519 1520)
2(1520 1521)
2(1521 1522)
2(1522 1523)
2(1523 1524)
2(1524 1525)
2(1525 1526)
2(1526 1527)
2(1527 1528)
2(1528 1529)
2(1529 1530)
2(1530 1531)
2(1531 1532)
2(1532 1533)
2(1533 1534)
2(1534 1535)
2(1535 1536)
2(1536 1537)
2(1537 1538)
2(1538 1539)
2(1539 1540)
2(1540 1541)
2(1541 1542)
2(1542 1543)
2(1543 1544)
2(1544 1545)
2(1545 1546)
2(1546 1547)
2(1547 1548)
2(1548 1549)
2(1549 1550)
2(1550 1551)
2(1551 1552)
2(1552 1553)
2(1553 1554)
2(1554 1555)
2(1555 1556)
2(1556 1557)
2(1558 1559)
2(1559 1560)
2(1560 1561)
2(1561 1562)
2(1562 1563)
2(1563 1564)
2(1564 1565)
2(1565 1566)
2(1566 1567)
2(1567 1568)
2(1568 1569)
2(1569 1570)
2(1570 1571)
2(1571 1572)
2(1572 1573)
2(1573 1574)
2(1574 1575)
2(1575 1576)
2(1576 1577)
2(1577 1578)
2(1578 1579)
2(1579 1580)
2(1580 1581)
2(1581 1582)
2(1582 1583)
2(1583 1584)
2(1584 1585)
2(1585 1586)
2(1586 1587)
2(1587 1588)
2(1588 1589)
2(1589 1590)
2(1590 1591)
2(1591 1592)
2(1592 1593)
2(1593 1594)
2(1594 1595)
2(1595 1596)
2(1596 1597)
2(1597 1598)
2(1599 1600)
2(1600 1601)
2(1601 1602)
2(1602 1603)
2(1603 1604)
2(1604 1605)
2(1605 1606)
2(1606 1607)
2(1607 1608)
2(1608 1609)
2(1609 1610)
2(1610 1611)
2(1611 1612)
2(1612 1613)
2(1613 1614)
2(1614 1615)
2(1615 1616)
2(1616 1617)
2(1617 1618)
2(1618 1619)
2(1619 1620)
2(1620 1621)
2(1621 1622)
2(1622 1623)
2(1623 1624)
2(1624 1625)
2(1625 1626)
2(1626 1627)
2(1627 1628)
2(1628 1629)
2(1629 1630)
2(1630 1631)
2(1631 1632)
2(1632 1633)
2(1633 1634)
2(1634 1635)
2(1635 1636)
2(1636 1637)
2(1637 1638)
2(1638 1639)
2(1640 1641)
2(1641 1642)
2(1642 1643)
2(1643 1644)
2(1644 1645)
2(1645 1646)
2(1646 1647)
2(1647 1648)
2(1648 1649)
2(1649 1650)
2(1650 1651)
2(1651 1652)
2(1652 1653)
2(1653 1654)
2(1654 1655)
2(1655 1656)
2(1656 1657)
2(1657 1658)
2(1658 1659)
2(1659 1660)
2(1660 1661)
2(1661 1662)
2(1662 1663)
2(1663 1664)
2(1664 1665)
2(1665 1666)
2(1666 1667)
2(1667 1668)
2(1668 1669)
2(1669 1670)
2(1670 1671)
2(1671 1672)
2(1672 1673)
2(1673 1674)
2(1674 1675)
2(1675 1676)
2(1676 1677)
2(1677 1678)
2(1678 1679)
2(1679 1680)
2(0 41)
2(41 82)
2(82 123)
2(123 164)
2(164 205)
2(205 246)
2(246 287)
2(287 328)
2(328 369)
2(369 410)
2(410 451)
2(451 492)
2(492 533)
2(533 574)
2(574 615)
2(615 656)
2(656 697)
2(697 738)
2(738 779)
2(779 820)
2(820 861)
2(861 902)
2(902 943)
2(943 984)
2(984 1025)
2(1025 1066)
2(1066 1107)
2(1107 1148)
2(1148 1189)
2(1189 1230)
2(1230 1271)
2(1271 1312)
2(1312 1353)
2(1353 1394)
2(1394 1435)
2(1435 1476)
2(1476 1517)
2(1517 1558)
2(1558 1599)
2(1599 1640)
2(1 42)
2(42 83)
2(83 124)
2(124 165)
2(165 206)
2(206 247)
2(247 288)
2(288 329)
2(329 370)
2(370 411)
2(411 452)
2(452 493)
2(493 534)
2(534 575)
2(575 616)
2(616 657)
2(657 698)
2(698 739)
2(739 780)
2(780 821)
2(821 862)
2(862 903)
2(903 944)
2(944 985)
2(985 1026)
2(1026 1067)
2(1067 1108)
2(1108 1149)
2(1149 1190)
2(1190 1231)
2(1231 1272)
2(1272 1313)
2(1313 1354)
2(1354 1395)
2(1395 1436)
2(1436 1477)
2(1477 1518)
2(1518 1559)
2(1559 1600)
2(1600 1641)
2(2 43)
2(43 84)
2(84 125)
2(125 166)
2(166 207)
2(207 248)
2(248 289)
2(289 330)
2(330 371)
2(371 412)
2(412 453)
2(453 494)
2(494 535)
2(535 576)
2(576 617)
2(617 658)
2(658 699)
2(699 740)
2(740 781)
2(781 822)
2(822 863)
2(863 904)
2(904 945)
2(945 986)
2(986 1027)
2(1027 1068)
2(1068 1109)
2(1109 1150)
2(1150 1191)
2(1191 1232)
2(1232 1273)
2(1273 1314)
2(1314 1355)
2(1355 1396)
2(1396 1437)
2(1437 1478)
2(1478 1519)
2(1519 1560)
2(1560 1601)
2(1601 1642)
2(3 44)
2(44 85)
2(85 126)
2(126 167)
2(167 208)
2(208 249)
2(249 290)
2(290 331)
2(331 372)
2(372 413)
2(413 454)
2(454 495)
2(495 536)
2(536 577)
2(577 618)
2(618 659)
2(659 700)
2(700 741)
2(741 782)
2(782 823)
2(823 864)
2(864 905)
2(905 946)
2(946 987)
2(987 1028)
2(1028 1069)
2(1069 1110)
2(1110 1151)
2(1151 1192)
2(1192 1233)
2(1233 1274)
2(1274 1315)
2(1315 1356)
2(1356 1397)
2(1397 1438)
2(1438 1479)
2(1479 1520)
2(1520 1561)
2(1561 1602)
2(1602 1643)
2(4 45)
2(45 86)
2(86 127)
2(127 168)
2(168 209)
2(209 250)
2(250 291)
2(291 332)
2(332 373)
2(373 414)
2(414 455)
2(455 496)
2(496 537)
2(537 578)
2(578 619)
2(619 660)
2(660 701)
2(701 742)
2(742 783)
2(783 824)
2(824 865)
2(865 906)
2(906 947)
2(947 988)
2(988 1029)
2(1029 1070)
2(1070 1111)
2(1111 1152)
2(1152 1193)
2(1193 1234)
2(1234 1275)
2(1275 1316)
2(1316 1357)
2(1357 1398)
2(1398 1439)
2(1439 1480)
2(1480 1521)
2(1521 1562)
2(1562 1603)
2(1603 1644)
2(5 46)
2(46 87)
2(87 128)
2(128 169)
2(169 210)
2(210 251)
2(251 292)
2(292 333)
2(333 374)
2(374 415)
2(415 456)
2(456 497)
2(497 538)
2(538 579)
2(579 620)
2(620 661)
2(661 702)
2(702 743)
2(743 784)
2(784 825)
2(825 866)
2(866 907)
2(907 948)
2(948 989)
2(989 1030)
2(1030 1071)
2(1071 1112)
2(1112 1153)
2(1153 1194)
2(1194 1235)
2(1235 1276)
2(1276 1317)
2(1317 1358)
2(1358 1399)
2(1399 1440)
2(1440 1481)
2(1481 1522)
2(1522 1563)
2(1563 1604)
2(1604 1645)
2(6 47)
2(47 88)
2(88 129)
2(129 170)
2(170 211)
2(211 252)
2(252 293)
2(293 334)
2(334 375)
2(375 416)
2(416 457)
2(457 498)
2(498 539)
2(539 580)
2(580 621)
2(621 662)
2(662 703)
2(703 744)
2(744 785)
2(785 826)
2(826 867)
2(867 908)
2(908 949)
2(949 990)
2(990 1031)
2(1031 1072)
2(1072 1113)
2(1113 1154)
2(1154 1195)
2(1195 1236)
2(1236 1277)
2(1277 1318)
2(1318 1359)
2(1359 1400)
2(1400 1441)
2(1441 1482)
2(1482 1523)
2(1523 1564)
2(1564 1605)
2(1605 1646)
2(7 48)
2(48 89)
2(89 130)
2(130 171)
2(171 212)
2(212 253)
2(253 294)
2(294 335)
2(335 376)
2(376 417)
2(417 458)
2(458 499)
2(499 540)
2(540 581)
2(581 622)
2(622 663)
2(663 704)
2(704 745)
2(745 786)
2(786 827)
2(827 868)
2(868 909)
2(909 950)
2(950 991)
2(991 1032)
2(1032 1073)
2(1073 1114)
2(1114 1155)
2(1155 1196)
2(1196 1237)
2(1237 1278)
2(1278 1319)
2(1319 1360)
2(1360 1401)
2(1401 1442)
2(1442 1483)
2(1483 1524)
2(1524 1565)
2(1565 1606)
2(1606 1647)
2(8 49)
2(49 90)
2(90 131)
2(131 172)
2(172 213)
2(213 254)
2(254 295)
2(295 336)
2(336 377)
2(377 418)
2(418 459)
2(459 500)
2(500 541)
2(541 582)
2(582 623)
2(623 664)
2(664 705)
2(705 746)
2(746 787)
2(787 828)
2(828 869)
2(869 910)
2(910 951)
2(951 992)
2(992 1033)
2(1033 1074)
2(1074 1115)
2(1115 1156)
2(1156 1197)
2(1197 1238)
2(1238 1279)
2(1279 1320)
2(1320 1361)
2(1361 1402)
2(1402 1443)
2(1443 1484)
2(1484 1525)
2(1525 1566)
2(1566 1607)
2(1607 1648)
2(9 50)
2(50 91)
2(91 132)
2(132 173)
2(173 214)
2(214 255)
2(255 296)
2(296 337)
2(337 378)
2(378 419)
2(419 460)
2(460 501)
2(501 542)
2(542 583)
2(583 624)
2(624 665)
2(665 706)
2(706 747)
2(747 788)
2(788 829)
2(829 870)
2(870 911)
2(911 952)
2(952 993)
2(993 1034)
2(1034 1075)
2(1075 1116)
2(1116 1157)
2(1157 1198)
2(1198 1239)
2(1239 1280)
2(1280 1321)
2(1321 1362)
2(1362 1403)
2(1403 1444)
2(1444 1485)
2(1485 1526)
2(1526 1567)
2(1567 1608)
2(1608 1649)
2(10 51)
2(51 92)
2(92 133)
2(133 174)
2(174 215)
2(215 256)
2(256 297)
2(297 338)
2(338 379)
2(379 420)
2(420 461)
2(461 502)
2(502 543)
2(543 584)
2(584 625)
2(625 666)
2(666 707)
2(707 748)
2(748 789)
2(789 830)
2(830 871)
2(871 912)
2(912 953)
2(953 994)
2(994 1035)
2(1035 1076)
2(1076 1117)
2(1117 1158)
2(1158 1199)
2(1199 1240)
2(1240 1281)
2(1281 1322)
2(1322 1363)
2(1363 1404)
2(1404 1445)
2(1445 1486)
2(1486 1527)
2(1527 1568)
2(1568 1609)
2(1609 1650)
2(11 52)
2(52 93)
2(93 134)
2(134 175)
2(175 216)
2(216 257)
2(257 298)
2(298 339)
2(339 380)
2(380 421)
2(421 462)
2(462 503)
2(503 544)
2(544 585)
2(585 626)
2(626 667)
2(667 708)
2(708 749)
2(749 790)
2(790 831)
2(831 872)
2(872 913)
2(913 954)
2(954 995)
2(995 1036)
2(1036 1077)
2(1077 1118)
2(1118 1159)
2(1159 1200)
2(1200 1241)
2(1241 1282)
2(1282 1323)
2(1323 1364)
2(1364 1405)
2(1405 1446)
2(1446 1487)
2(1487 1528)
2(1528 1569)
2(1569 1610)
2(1610 1651)
2(12 53)
2(53 94)
2(94 135)
2(135 176)
2(176 217)
2(217 258)
2(258 299)
2(299 340)
2(340 381)
2(381 422)
2(422 463)
2(463 504)
2(504 545)
2(545 586)
2(586 627)
2(627 668)
2(668 709)
2(709 750)
2(750 791)
2(791 832)
2(832 873)
2(873 914)
2(914 955)
2(955 996)
2(996 1037)
2(1037 1078)
2(1078 1119)
2(1119 1160)
2(1160 1201)
2(1201 1242)
2(1242 1283)
2(1283 1324)
2(1324 1365)
2(1365 1406)
2(1406 1447)
2(1447 1488)
2(1488 1529)
2(1529 1570)
2(1570 1611)
2(1611 1652)
2(13 54)
2(54 95)
2(95 136)
2(136 177)
2(177 218)
2(218 259)
2(259 300)
2(300 341)
2(341 382)
2(382 423)
2(423 464)
2(464 505)
2(505 546)
2(546 587)
2(587 628)
2(628 669)
2(669 710)
2(710 751)
2(751 792)
2(792 833)
2(833 874)
2(874 915)
2(915 956)
2(956 997)
2(997 1038)
2(1038 1079)
2(1079 1120)
2(1120 1161)
2(1161 1202)
2(1202 1243)
2(1243 1284)
2(1284 1325)
2(1325 1366)
2(1366 1407)
2(1407 1448)
2(1448 1489)
2(1489 1530)
2(1530 1571)
2(1571 1612)
2(1612 1653)
2(14 55)
2(55 96)
2(96 137)
2(137 178)
2(178 219)
2(219 260)
2(260 301)
2(301 342)
2(342 383)
2(383 424)
2(424 465)
2(465 506)
2(506 547)
2(547 588)
2(588 629)
2(629 670)
2(670 711)
2(711 752)
2(752 793)
2(793 834)
2(834 875)
2(875 916)
2(916 957)
2(957 998)
2(998 1039)
2(1039 1080)
2(1080 1121)
2(1121 1162)
2(1162 1203)
2(1203 1244)
2(1244 1285)
2(1285 1326)
2(1326 1367)
2(1367 1408)
2(1408 1449)
2(1449 1490)
2(1490 1531)
2(1531 1572)
2(1572 1613)
2(1613 1654)
2(15 56)
2(56 97)
2(97 138)
2(138 179)
2(179 220)
2(220 261)
2(261 302)
2(302 343)
2(343 384)
2(384 425)
2(425 466)
2(466 507)
2(507 548)
2(548 589)
2(589 630)
2(630 671)
2(671 712)
2(712 753)
2(753 794)
2(794 835)
2(835 876)
2(876 917)
2(917 958)
2(958 999)
2(999 1040)
2(1040 1081)
2(1081 1122)
2(1122 1163)
2(1163 1204)
2(1204 1245)
2(1245 1286)
2(1286 1327)
2(1327 1368)
2(1368 1409)
2(1409 1450)
2(1450 1491)
2(1491 1532)
2(1532 1573)
2(1573 1614)
2(1614 1655)
2(16 57)
2(57 98)
2(98 139)
2(139 180)
2(180 221)
2(221 262)
2(262 303)
2(303 344)
2(344 385)
2(385 426)
2(426 467)
2(467 508)
2(508 549)
2(549 590)
2(590 631)
2(631 672)
2(672 713)
2(713 754)
2(754 795)
2(795 836)
2(836 877)
2(877 918)
2(918 959)
2(959 1000)
2(1000 1041)
2(1041 1082)
2(1082 1123)
2(1123 1164)
2(1164 1205)
2(1205 1246)
2(1246 1287)
2(1287 1328)
2(1328 1369)
2(1369 1410)
2(1410 1451)
2(1451 1492)
2(1492 1533)
2(1533 1574)
2(1574 1615)
2(1615 1656)
2(17 58)
2(58 99)
2(99 140)
2(140 181)
2(181 222)
2(222 263)
2(263 304)
2(304 345)
2(345 386)
2(386 427)
2(427 468)
2(468 509)
2(509 550)
2(550 591)
2(591 632)
2(632 673)
2(673 714)
2(714 755)
2(755 796)
2(796 837)
2(837 878)
2(878 919)
2(919 960)
2(960 1001)
2(1001 1042)
2(1042 1083)
2(1083 1124)
2(1124 1165)
2(1165 1206)
2(1206 1247)
2(1247 1288)
2(1288 1329)
2(1329 1370)
2(1370 1411)
2(1411 1452)
2(1452 1493)
2(1493 1534)
2(1534 1575)
2(1575 1616)
2(1616 1657)
2(18 59)
2(59 100)
2(100 141)
2(141 182)
2(182 223)
2(223 264)
2(264 305)
2(305 346)
2(346 387)
2(387 428)
2(428 469)
2(469 510)
2(510 551)
2(551 592)
2(592 633)
2(633 674)
2(674 715)
2(715 756)
2(756 797)
2(797 838)
2(838 879)
2(879 920)
2(920 961)
2(961 1002)
2(1002 1043)
2(1043 1084)
2(1084 1125)
2(1125 1166)
2(1166 1207)
2(1207 1248)
2(1248 1289)
2(1289 1330)
2(1330 1371)
2(1371 1412)
2(1412 1453)
2(1453 1494)
2(1494 1535)
2(1535 1576)
2(1576 1617)
2(1617 1658)
2(19 60)
2(60 101)
2(101 142)
2(142 183)
2(183 224)
2(224 265)
2(265 306)
2(306 347)
2(347 388)
2(388 429)
2(429 470)
2(470 511)
2(511 552)
2(552 593)
2(593 634)
2(634 675)
2(675 716)
2(716 757)
2(757 798)
2(798 839)
2(839 880)
2(880 921)
2(921 962)
2(962 1003)
2(1003 1044)
2(1044 1085)
2(1085 1126)
2(1126 1167)
2(1167 1208)
2(1208 1249)
2(1249 1290)
2(1290 1331)
2(1331 1372)
2(1372 1413)
2(1413 1454)
2(1454 1495)
2(1495 1536)
2(1536 1577)
2(1577 1618)
2(1618 1659)
2(20 61)
2(61 102)
2(102 143)
2(143 184)
2(184 225)
2(225 266)
2(266 307)
2(307 348)
2(348 389)
2(389 430)
2(430 471)
2(471 512)
2(512 553)
2(553 594)
2(594 635)
2(635 676)
2(676 717)
2(717 758)
2(758 799)
2(799 840)
2(840 881)
2(881 922)
2(922 963)
2(963 1004)
2(1004 1045)
2(1045 1086)
2(1086 1127)
2(1127 1168)
2(1168 1209)
2(1209 1250)
2(1250 1291)
2(1291 1332)
2(1332 1373)
2(1373 1414)
2(1414 1455)
2(1455 1496)
2(1496 1537)
2(1537 1578)
2(1578 1619)
2(1619 1660)
2(21 62)
2(62 103)
2(103 144)
2(144 185)
2(185 226)
2(226 267)
2(267 308)
2(308 349)
2(349 390)
2(390 431)
2(431 472)
2(472 513)
2(513 554)
2(554 595)
2(595 636)
2(636 677)
2(677 718)
2(718 759)
2(759 800)
2(800 841)
2(841 882)
2(882 923)
2(923 964)
2(964 1005)
2(1005 1046)
2(1046 1087)
2(1087 1128)
2(1128 1169)
2(1169 1210)
2(1210 1251)
2(1251 1292)
2(1292 1333)
2(1333 1374)
2(1374 1415)
2(1415 1456)
2(1456 1497)
2(1497 1538)
2(1538 1579)
2(1579 1620)
2(1620 1661)
2(22 63)
2(63 104)
2(104 145)
2(145 186)
2(186 227)
2(227 268)
2(268 309)
2(309 350)
2(350 391)
2(391 432)
2(432 473)
2(473 514)
2(514 555)
2(555 596)
2(596 637)
2(637 678)
2(678 719)
2(719 760)
2(760 801)
2(801 842)
2(842 883)
2(883 924)
2(924 965)
2(965 1006)
2(1006 1047)
2(1047 1088)
2(1088 1129)
2(1129 1170)
2(1170 1211)
2(1211 1252)
2(1252 1293)
2(1293 1334)
2(1334 1375)
2(1375 1416)
2(1416 1457)
2(1457 1498)
2(1498 1539)
2(1539 1580)
2(1580 1621)
2(1621 1662)
2(23 64)
2(64 105)
2(105 146)
2(146 187)
2(187 228)
2(228 269)
2(269 310)
2(310 351)
2(351 392)
2(392 433)
2(433 474)
2(474 515)
2(515 556)
2(556 597)
2(597 638)
2(638 679)
2(679 720)
2(720 761)
2(761 802)
2(802 843)
2(843 884)
2(884 925)
2(925 966)
2(966 1007)
2(1007 1048)
2(1048 1089)
2(1089 1130)
2(1130 1171)
2(1171 1212)
2(1212 1253)
2(1253 1294)
2(1294 1335)
2(1335 1376)
2(1376 1417)
2(1417 1458)
2(1458 1499)
2(1499 1540)
2(1540 1581)
2(1581 1622)
2(1622 1663)
2(24 65)
2(65 106)
2(106 147)
2(147 188)
2(188 229)
2(229 270)
2(270 311)
2(311 352)
2(352 393)
2(393 434)
2(434 475)
2(475 516)
2(516 557)
2(557 598)
2(598 639)
2(639 680)
2(680 721)
2(721 762)
2(762 803)
2(803 844)
2(844 885)
2(885 926)
2(926 967)
2(967 1008)
2(1008 1049)
2(1049 1090)
2(1090 1131)
2(1131 1172)
2(1172 1213)
2(1213 1254)
2(1254 1295)
2(1295 1336)
2(1336 1377)
2(1377 1418)
2(1418 1459)
2(1459 1500)
2(1500 1541)
2(1541 1582)
2(1582 1623)
2(1623 1664)
2(25 66)
2(66 107)
2(107 148)
2(148 189)
2(189 230)
2(230 271)
2(271 312)
2(312 353)
2(353 394)
2(394 435)
2(435 476)
2(476 517)
2(517 558)
2(558 599)
2(599 640)
2(640 681)
2(681 722)
2(722 763)
2(763 804)
2(804 845)
2(845 886)
2(886 927)
2(927 968)
2(968 1009)
2(1009 1050)
2(1050 1091)
2(1091 1132)
2(1132 1173)
2(1173 1214)
2(1214 1255)
2(1255 1296)
2(1296 1337)
2(1337 1378)
2(1378 1419)
2(1419 1460)
2(1460 1501)
2(1501 1542)
2(1542 1583)
2(1583 1624)
2(1624 1665)
2(26 67)
2(67 108)
2(108 149)
2(149 190)
2(190 231)
2(231 272)
2(272 313)
2(313 354)
2(354 395)
2(395 436)
2(436 477)
2(477 518)
2(518 559)
2(559 600)
2(600 641)
2(641 682)
2(682 723)
2(723 764)
2(764 805)
2(805 846)
2(846 887)
2(887 928)
2(928 969)
2(969 1010)
2(1010 1051)
2(1051 1092)
2(1092 1133)
2(1133 1174)
2(1174 1215)
2(1215 1256)
2(1256 1297)
2(1297 1338)
2(1338 1379)
2(1379 1420)
2(1420 1461)
2(1461 1502)
2(1502 1543)
2(1543 1584)
2(1584 1625)
2(1625 1666)
2(27 68)
2(68 109)
2(109 150)
2(150 191)
2(191 232)
2(232 273)
2(273 314)
2(314 355)
2(355 396)
2(396 437)
2(437 478)
2(478 519)
2(519 560)
2(560 601)
2(601 642)
2(642 683)
2(683 724)
2(724 765)
2(765 806)
2(806 847)
2(847 888)
2(888 929)
2(929 970)
2(970 1011)
2(1011 1052)
2(1052 1093)
2(1093 1134)
2(1134 1175)
2(1175 1216)
2(1216 1257)
2(1257 1298)
2(1298 1339)
2(1339 1380)
2(1380 1421)
2(1421 1462)
2(1462 1503)
2(1503 1544)
2(1544 1585)
2(1585 1626)
2(1626 1667)
2(28 69)
2(69 110)
2(110 151)
2(151 192)
2(192 233)
2(233 274)
2(274 315)
2(315 356)
2(356 397)
2(397 438)
2(438 479)
2(479 520)
2(520 561)
2(561 602)
2(602 643)
2(643 684)
2(684 725)
2(725 766)
2(766 807)
2(807 848)
2(848 889)
2(889 930)
2(930 971)
2(971 1012)
2(1012 1053)
2(1053 1094)
2(1094 1135)
2(1135 1176)
2(1176 1217)
2(1217 1258)
2(1258 1299)
2(1299 1340)
2(1340 1381)
2(1381 1422)
2(1422 1463)
2(1463 1504)
2(1504 1545)
2(1545 1586)
2(1586 1627)
2(1627 1668)
2(29 70)
2(70 111)
2(111 152)
2(152 193)
2(193 234)
2(234 275)
2(275 316)
2(316 357)
2(357 398)
2(398 439)
2(439 480)
2(480 521)
2(521 562)
2(562 603)
2(603 644)
2(644 685)
2(685 726)
2(726 767)
2(767 808)
2(808 849)
2(849 890)
2(890 931)
2(931 972)
2(972 1013)
2(1013 1054)
2(1054 1095)
2(1095 1136)
2(1136 1177)
2(1177 1218)
2(1218 1259)
2(1259 1300)
2(1300 1341)
2(1341 1382)
2(1382 1423)
2(1423 1464)
2(1464 1505)
2(1505 1546)
2(1546 1587)
2(1587 1628)
2(1628 1669)
2(30 71)
2(71 112)
2(112 153)
2(153 194)
2(194 235)
2(235 276)
2(276 317)
2(317 358)
2(358 399)
2(399 440)
2(440 481)
2(481 522)
2(522 563)
2(563 604)
2(604 645)
2(645 686)
2(686 727)
2(727 768)
2(768 809)
2(809 850)
2(850 891)
2(891 932)
2(932 973)
2(973 1014)
2(1014 1055)
2(1055 1096)
2(1096 1137)
2(1137 1178)
2(1178 1219)
2(1219 1260)
2(1260 1301)
2(1301 1342)
2(1342 1383)
2(1383 1424)
2(1424 1465)
2(1465 1506)
2(1506 1547)
2(1547 1588)
2(1588 1629)
2(1629 1670)
2(31 72)
2(72 113)
2(113 154)
2(154 195)
2(195 236)
2(236 277)
2(277 318)
2(318 359)
2(359 400)
2(400 441)
2(441 482)
2(482 523)
2(523 564)
2(564 605)
2(605 646)
2(646 687)
2(687 728)
2(728 769)
2(769 810)
2(810 851)
2(851 892)
2(892 933)
2(933 974)
2(974 1015)
2(1015 1056)
2(1056 1097)
2(1097 1138)
2(1138 1179)
2(1179 1220)
2(1220 1261)
2(1261 1302)
2(1302 1343)
2(1343 1384)
2(1384 1425)
2(1425 1466)
2(1466 1507)
2(1507 1548)
2(1548 1589)
2(1589 1630)
2(1630 1671)
2(32 73)
2(73 114)
2(114 155)
2(155 196)
2(196 237)
2(237 278)
2(278 319)
2(319 360)
2(360 401)
2(401 442)
2(442 483)
2(483 524)
2(524 565)
2(565 606)
2(606 647)
2(647 688)
2(688 729)
2(729 770)
2(770 811)
2(811 852)
2(852 893)
2(893 934)
2(934 975)
2(975 1016)
2(1016 1057)
2(1057 1098)
2(1098 1139)
2(1139 1180)
2(1180 1221)
2(1221 1262)
2(1262 1303)
2(1303 1344)
2(1344 1385)
2(1385 1426)
2(1426 1467)
2(1467 1508)
2(1508 1549)
2(1549 1590)
2(1590 1631)
2(1631 1672)
2(33 74)
2(74 115)
2(115 156)
2(156 197)
2(197 238)
2(238 279)
2(279 320)
2(320 361)
2(361 402)
2(402 443)
2(443 484)
2(484 525)
2(525 566)
2(566 607)
2(607 648)
2(648 689)
2(689 730)
2(730 771)
2(771 812)
2(812 853)
2(853 894)
2(894 935)
2(935 976)
2(976 1017)
2(1017 1058)
2(1058 1099)
2(1099 1140)
2(1140 1181)
2(1181 1222)
2(1222 1263)
2(1263 1304)
2(1304 1345)
2(1345 1386)
2(1386 1427)
2(1427 1468)
2(1468 1509)
2(1509 1550)
2(1550 1591)
2(1591 1632)
2(1632 1673)
2(34 75)
2(75 116)
2(116 157)
2(157 198)
2(198 239)
2(239 280)
2(280 321)
2(321 362)
2(362 403)
2(403 444)
2(444 485)
2(485 526)
2(526 567)
2(567 608)
2(608 649)
2(649 690)
2(690 731)
2(731 772)
2(772 813)
2(813 854)
2(854 895)
2(895 936)
2(936 977)
2(977 1018)
2(1018 1059)
2(1059 1100)
2(1100 1141)
2(1141 1182)
2(1182 1223)
2(1223 1264)
2(1264 1305)
2(1305 1346)
2(1346 1387)
2(1387 1428)
2(1428 1469)
2(1469 1510)
2(1510 1551)
2(1551 1592)
2(1592 1633)
2(1633 1674)
2(35 76)
2(76 117)
2(117 158)
2(158 199)
2(199 240)
2(240 281)
2(281 322)
2(322 363)
2(363 404)
2(404 445)
2(445 486)
2(486 527)
2(527 568)
2(568 609)
2(609 650)
2(650 691)
2(691 732)
2(732 773)
2(773 814)
2(814 855)
2(855 896)
2(896 937)
2(937 978)
2(978 1019)
2(1019 1060)
2(1060 1101)
2(1101 1142)
2(1142 1183)
2(1183 1224)
2(1224 1265)
2(1265 1306)
2(1306 1347)
2(1347 1388)
2(1388 1429)
2(1429 1470)
2(1470 1511)
2(1511 1552)
2(1552 1593)
2(1593 1634)
2(1634 1675)
2(36 77)
2(77 118)
2(118 159)
2(159 200)
2(200 241)
2(241 282)
2(282 323)
2(323 364)
2(364 405)
2(405 446)
2(446 487)
2(487 528)
2(528 569)
2(569 610)
2(610 651)
2(651 692)
2(692 733)
2(733 774)
2(774 815)
2(815 856)
2(856 897)
2(897 938)
2(938 979)
2(979 1020)
2(1020 1061)
2(1061 1102)
2(1102 1143)
2(1143 1184)
2(1184 1225)
2(1225 1266)
2(1266 1307)
2(1307 1348)
2(1348 1389)
2(1389 1430)
2(1430 1471)
2(1471 1512)
2(1512 1553)
2(1553 1594)
2(1594 1635)
2(1635 1676)
2(37 78)
2(78 119)
2(119 160)
2(160 201)
2(201 242)
2(242 283)
2(283 324)
2(324 365)
2(365 406)
2(406 447)
2(447 488)
2(488 529)
2(529 570)
2(570 611)
2(611 652)
2(652 693)
2(693 734)
2(734 775)
2(775 816)
2(816 857)
2(857 898)
2(898 939)
2(939 980)
2(980 1021)
2(1021 1062)
2(1062 1103)
2(1103 1144)
2(1144 1185)
2(1185 1226)
2(1226 1267)
2(1267 1308)
2(1308 1349)
2(1349 1390)
2(1390 1431)
2(1431 1472)
2(1472 1513)
2(1513 1554)
2(1554 1595)
2(1595 1636)
2(1636 1677)
2(38 79)
2(79 120)
2(120 161)
2(161 202)
2(202 243)
2(243 284)
2(284 325)
2(325 366)
2(366 407)
2(407 448)
2(448 489)
2(489 530)
2(530 571)
2(571 612)
2(612 653)
2(653 694)
2(694 735)
2(735 776)
2(776 817)
2(817 858)
2(858 899)
2(899 940)
2(940 981)
2(981 1022)
2(1022 1063)
2(1063 1104)
2(1104 1145)
2(1145 1186)
2(1186 1227)
2(1227 1268)
2(1268 1309)
2(1309 1350)
2(1350 1391)
2(1391 1432)
2(1432 1473)
2(1473 1514)
2(1514 1555)
2(1555 1596)
2(1596 1637)
2(1637 1678)
2(39 80)
2(80 121)
2(121 162)
2(162 203)
2(203 244)
2(244 285)
2(285 326)
2(326 367)
2(367 408)
2(408 449)
2(449 490)
2(490 531)
2(531 572)
2(572 613)
2(613 654)
2(654 695)
2(695 736)
2(736 777)
2(777 818)
2(818 859)
2(859 900)
2(900 941)
2(941 982)
2(982 1023)
2(1023 1064)
2(1064 1105)
2(1105 1146)
2(1146 1187)
2(1187 1228)
2(1228 1269)
2(1269 1310)
2(1310 1351)
2(1351 1392)
2(1392 1433)
2(1433 1474)
2(1474 1515)
2(1515 1556)
2(1556 1597)
2(1597 1638)
2(1638 1679)
2(40 81)
2(81 122)
2(122 163)
2(163 204)
2(204 245)
2(245 286)
2(286 327)
2(327 368)
2(368 409)
2(409 450)
2(450 491)
2(491 532)
2(532 573)
2(573 614)
2(614 655)
2(655 696)
2(696 737)
2(737 778)
2(778 819)
2(819 860)
2(860 901)
2(901 942)
2(942 983)
2(983 1024)
2(1024 1065)
2(1065 1106)
2(1106 1147)
2(1147 1188)
2(1188 1229)
2(1229 1270)
2(1270 1311)
2(1311 1352)
2(1352 1393)
2(1393 1434)
2(1434 1475)
2(1475 1516)
2(1516 1557)
2(1557 1598)
2(1598 1639)
2(1639 1680)
)
