400
(
4(0 440 20 420)
4(1 460 21 440)
4(2 480 22 460)
4(3 500 23 480)
4(4 520 24 500)
4(5 540 25 520)
4(6 560 26 540)
4(7 580 27 560)
4(8 600 28 580)
4(9 620 29 600)
4(10 640 30 620)
4(11 660 31 640)
4(12 680 32 660)
4(13 700 33 680)
4(14 720 34 700)
4(15 740 35 720)
4(16 760 36 740)
4(17 780 37 760)
4(18 800 38 780)
4(19 820 39 800)
4(20 441 40 421)
4(21 461 41 441)
4(22 481 42 461)
4(23 501 43 481)
4(24 521 44 501)
4(25 541 45 521)
4(26 561 46 541)
4(27 581 47 561)
4(28 601 48 581)
4(29 621 49 601)
4(30 641 50 621)
4(31 661 51 641)
4(32 681 52 661)
4(33 701 53 681)
4(34 721 54 701)
4(35 741 55 721)
4(36 761 56 741)
4(37 781 57 761)
4(38 801 58 781)
4(39 821 59 801)
4(40 442 60 422)
4(41 462 61 442)
4(42 482 62 462)
4(43 502 63 482)
4(44 522 64 502)
4(45 542 65 522)
4(46 562 66 542)
4(47 582 67 562)
4(48 602 68 582)
4(49 622 69 602)
4(50 642 70 622)
4(51 662 71 642)
4(52 682 72 662)
4(53 702 73 682)
4(54 722 74 702)
4(55 742 75 722)
4(56 762 76 742)
4(57 782 77 762)
4(58 802 78 782)
4(59 822 79 802)
4(60 443 80 423)
4(61 463 81 443)
4(62 483 82 463)
4(63 503 83 483)
4(64 523 84 503)
4(65 543 85 523)
4(66 563 86 543)
4(67 583 87 563)
4(68 603 88 583)
4(69 623 89 603)
4(70 643 90 623)
4(71 663 91 643)
4(72 683 92 663)
4(73 703 93 683)
4(74 723 94 703)
4(75 743 95 723)
4(76 763 96 743)
4(77 783 97 763)
4(78 803 98 783)
4(79 823 99 803)
4(80 444 100 424)
4(81 464 101 444)
4(82 484 102 464)
4(83 504 103 484)
4(84 524 104 504)
4(85 544 105 524)
4(86 564 106 544)
4(87 584 107 564)
4(88 604 108 584)
4(89 624 109 604)
4(90 644 110 624)
4(91 664 111 644)
4(92 684 112 664)
4(93 704 113 684)
4(94 724 114 704)
4(95 744 115 724)
4(96 764 116 744)
4(97 784 117 764)
4(98 804 118 784)
4(99 824 119 804)
4(100 445 120 425)
4(101 465 121 445)
4(102 485 122 465)
4(103 505 123 485)
4(104 525 124 505)
4(105 545 125 525)
4(106 565 126 545)
4(107 585 127 565)
4(108 605 128 585)
4(109 625 129 605)
4(110 645 130 625)
4(111 665 131 645)
4(112 685 132 665)
4(113 705 133 685)
4(114 725 134 705)
4(115 745 135 725)
4(116 765 136 745)
4(117 785 137 765)
4(118 805 138 785)
4(119 825 139 805)
4(120 446 140 426)
4(121 466 141 446)
4(122 486 142 466)
4(123 506 143 486)
4(124 526 144 506)
4(125 546 145 526)
4(126 566 146 546)
4(127 586 147 566)
4(128 606 148 586)
4(129 626 149 606)
4(130 646 150 626)
4(131 666 151 646)
4(132 686 152 666)
4(133 706 153 686)
4(134 726 154 706)
4(135 746 155 726)
4(136 766 156 746)
4(137 786 157 766)
4(138 806 158 786)
4(139 826 159 806)
4(140 447 160 427)
4(141 467 161 447)
4(142 487 162 467)
4(143 507 163 487)
4(144 527 164 507)
4(145 547 165 527)
4(146 567 166 547)
4(147 587 167 567)
4(148 607 168 587)
4(149 627 169 607)
4(150 647 170 627)
4(151 667 171 647)
4(152 687 172 667)
4(153 707 173 687)
4(154 727 174 707)
4(155 747 175 727)
4(156 767 176 747)
4(157 787 177 767)
4(158 807 178 787)
4(159 827 179 807)
4(160 448 180 428)
4(161 468 181 448)
4(162 488 182 468)
4(163 508 183 488)
4(164 528 184 508)
4(165 548 185 528)
4(166 568 186 548)
4(167 588 187 568)
4(168 608 188 588)
4(169 628 189 608)
4(170 648 190 628)
4(171 668 191 648)
4(172 688 192 668)
4(173 708 193 688)
4(174 728 194 708)
4(175 748 195 728)
4(176 768 196 748)
4(177 788 197 768)
4(178 808 198 788)
4(179 828 199 808)
4(180 449 200 429)
4(181 469 201 449)
4(182 489 202 469)
4(183 509 203 489)
4(184 529 204 509)
4(185 549 205 529)
4(186 569 206 549)
4(187 589 207 569)
4(188 609 208 589)
4(189 629 209 609)
4(190 649 210 629)
4(191 669 211 649)
4(192 689 212 669)
4(193 709 213 689)
4(194 729 214 709)
4(195 749 215 729)
4(196 769 216 749)
4(197 789 217 769)
4(198 809 218 789)
4(199 829 219 809)
4(200 450 220 430)
4(201 470 221 450)
4(202 490 222 470)
4(203 510 223 490)
4(204 530 224 510)
4(205 550 225 530)
4(206 570 226 550)
4(207 590 227 570)
4(208 610 228 590)
4(209 630 229 610)
4(210 650 230 630)
4(211 670 231 650)
4(212 690 232 670)
4(213 710 233 690)
4(214 730 234 710)
4(215 750 235 730)
4(216 770 236 750)
4(217 790 237 770)
4(218 810 238 790)
4(219 830 239 810)
4(220 451 240 431)
4(221 471 241 451)
4(222 491 242 471)
4(223 511 243 491)
4(224 531 244 511)
4(225 551 245 531)
4(226 571 246 551)
4(227 591 247 571)
4(228 611 248 591)
4(229 631 249 611)
4(230 651 250 631)
4(231 671 251 651)
4(232 691 252 671)
4(233 711 253 691)
4(234 731 254 711)
4(235 751 255 731)
4(236 771 256 751)
4(237 791 257 771)
4(238 811 258 791)
4(239 831 259 811)
4(240 452 260 432)
4(241 472 261 452)
4(242 492 262 472)
4(243 512 263 492)
4(244 532 264 512)
4(245 552 265 532)
4(246 572 266 552)
4(247 592 267 572)
4(248 612 268 592)
4(249 632 269 612)
4(250 652 270 632)
4(251 672 271 652)
4(252 692 272 672)
4(253 712 273 692)
4(254 732 274 712)
4(255 752 275 732)
4(256 772 276 752)
4(257 792 277 772)
4(258 812 278 792)
4(259 832 279 812)
4(260 453 280 433)
4(261 473 281 453)
4(262 493 282 473)
4(263 513 283 493)
4(264 533 284 513)
4(265 553 285 533)
4(266 573 286 553)
4(267 593 287 573)
4(268 613 288 593)
4(269 633 289 613)
4(270 653 290 633)
4(271 673 291 653)
4(272 693 292 673)
4(273 713 293 693)
4(274 733 294 713)
4(275 753 295 733)
4(276 773 296 753)
4(277 793 297 773)
4(278 813 298 793)
4(279 833 299 813)
4(280 454 300 434)
4(281 474 301 454)
4(282 494 302 474)
4(283 514 303 494)
4(284 534 304 514)
4(285 554 305 534)
4(286 574 306 554)
4(287 594 307 574)
4(288 614 308 594)
4(289 634 309 614)
4(290 654 310 634)
4(291 674 311 654)
4(292 694 312 674)
4(293 714 313 694)
4(294 734 314 714)
4(295 754 315 734)
4(296 774 316 754)
4(297 794 317 774)
4(298 814 318 794)
4(299 834 319 814)
4(300 455 320 435)
4(301 475 321 455)
4(302 495 322 475)
4(303 515 323 495)
4(304 535 324 515)
4(305 555 325 535)
4(306 575 326 555)
4(307 595 327 575)
4(308 615 328 595)
4(309 635 329 615)
4(310 655 330 635)
4(311 675 331 655)
4(312 695 332 675)
4(313 715 333 695)
4(314 735 334 715)
4(315 755 335 735)
4(316 775 336 755)
4(317 795 337 775)
4(318 815 338 795)
4(319 835 339 815)
4(320 456 340 436)
4(321 476 341 456)
4(322 496 342 476)
4(323 516 343 496)
4(324 536 344 516)
4(325 556 345 536)
4(326 576 346 556)
4(327 596 347 576)
4(328 616 348 596)
4(329 636 349 616)
4(330 656 350 636)
4(331 676 351 656)
4(332 696 352 676)
4(333 716 353 696)
4(334 736 354 716)
4(335 756 355 736)
4(336 776 356 756)
4(337 796 357 776)
4(338 816 358 796)
4(339 836 359 816)
4(340 457 360 437)
4(341 477 361 457)
4(342 497 362 477)
4(343 517 363 497)
4(344 537 364 517)
4(345 557 365 537)
4(346 577 366 557)
4(347 597 367 577)
4(348 617 368 597)
4(349 637 369 617)
4(350 657 370 637)
4(351 677 371 657)
4(352 697 372 677)
4(353 717 373 697)
4(354 737 374 717)
4(355 757 375 737)
4(356 777 376 757)
4(357 797 377 777)
4(358 817 378 797)
4(359 837 379 817)
4(360 458 380 438)
4(361 478 381 458)
4(362 498 382 478)
4(363 518 383 498)
4(364 538 384 518)
4(365 558 385 538)
4(366 578 386 558)
4(367 598 387 578)
4(368 618 388 598)
4(369 638 389 618)
4(370 658 390 638)
4(371 678 391 658)
4(372 698 392 678)
4(373 718 393 698)
4(374 738 394 718)
4(375 758 395 738)
4(376 778 396 758)
4(377 798 397 778)
4(378 818 398 798)
4(379 838 399 818)
4(380 459 400 439)
4(381 479 401 459)
4(382 499 402 479)
4(383 519 403 499)
4(384 539 404 519)
4(385 559 405 539)
4(386 579 406 559)
4(387 599 407 579)
4(388 619 408 599)
4(389 639 409 619)
4(390 659 410 639)
4(391 679 411 659)
4(392 699 412 679)
4(393 719 413 699)
4(394 739 414 719)
4(395 759 415 739)
4(396 779 416 759)
4(397 799 417 779)
4(398 819 418 799)
4(399 839 419 819)
)
