840
(
2(0 1)
2(1 2)
2(2 3)
2(3 4)
2(4 5)
2(5 6)
2(6 7)
2(7 8)
2(8 9)
2(9 10)
2(10 11)
2(11 12)
2(12 13)
2(13 14)
2(14 15)
2(15 16)
2(16 17)
2(17 18)
2(18 19)
2(19 20)
2(21 22)
2(22 23)
2(23 24)
2(24 25)
2(25 26)
2(26 27)
2(27 28)
2(28 29)
2(29 30)
2(30 31)
2(31 32)
2(32 33)
2(33 34)
2(34 35)
2(35 36)
2(36 37)
2(37 38)
2(38 39)
2(39 40)
2(40 41)
2(42 43)
2(43 44)
2(44 45)
2(45 46)
2(46 47)
2(47 48)
2(48 49)
2(49 50)
2(50 51)
2(51 52)
2(52 53)
2(53 54)
2(54 55)
2(55 56)
2(56 57)
2(57 58)
2(58 59)
2(59 60)
2(60 61)
2(61 62)
2(63 64)
2(64 65)
2(65 66)
2(66 67)
2(67 68)
2(68 69)
2(69 70)
2(70 71)
2(71 72)
2(72 73)
2(73 74)
2(74 75)
2(75 76)
2(76 77)
2(77 78)
2(78 79)
2(79 80)
2(80 81)
2(81 82)
2(82 83)
2(84 85)
2(85 86)
2(86 87)
2(87 88)
2(88 89)
2(89 90)
2(90 91)
2(91 92)
2(92 93)
2(93 94)
2(94 95)
2(95 96)
2(96 97)
2(97 98)
2(98 99)
2(99 100)
2(100 101)
2(101 102)
2(102 103)
2(103 104)
2(105 106)
2(106 107)
2(107 108)
2(108 109)
2(109 110)
2(110 111)
2(111 112)
2(112 113)
2(113 114)
2(114 115)
2(115 116)
2(116 117)
2(117 118)
2(118 119)
2(119 120)
2(120 121)
2(121 122)
2(122 123)
2(123 124)
2(124 125)
2(126 127)
2(127 128)
2(128 129)
2(129 130)
2(130 131)
2(131 132)
2(132 133)
2(133 134)
2(134 135)
2(135 136)
2(136 137)
2(137 138)
2(138 139)
2(139 140)
2(140 141)
2(141 142)
2(142 143)
2(143 144)
2(144 145)
2(145 146)
2(147 148)
2(148 149)
2(149 150)
2(150 151)
2(151 152)
2(152 153)
2(153 154)
2(154 155)
2(155 156)
2(156 157)
2(157 158)
2(158 159)
2(159 160)
2(160 161)
2(161 162)
2(162 163)
2(163 164)
2(164 165)
2(165 166)
2(166 167)
2(168 169)
2(169 170)
2(170 171)
2(171 172)
2(172 173)
2(173 174)
2(174 175)
2(175 176)
2(176 177)
2(177 178)
2(178 179)
2(179 180)
2(180 181)
2(181 182)
2(182 183)
2(183 184)
2(184 185)
2(185 186)
2(186 187)
2(187 188)
2(189 190)
2(190 191)
2(191 192)
2(192 193)
2(193 194)
2(194 195)
2(195 196)
2(196 197)
2(197 198)
2(198 199)
2(199 200)
2(200 201)
2(201 202)
2(202 203)
2(203 204)
2(204 205)
2(205 206)
2(206 207)
2(207 208)
2(208 209)
2(210 211)
2(211 212)
2(212 213)
2(213 214)
2(214 215)
2(215 216)
2(216 217)
2(217 218)
2(218 219)
2(219 220)
2(220 221)
2(221 222)
2(222 223)
2(223 224)
2(224 225)
2(225 226)
2(226 227)
2(227 228)
2(228 229)
2(229 230)
2(231 232)
2(232 233)
2(233 234)
2(234 235)
2(235 236)
2(236 237)
2(237 238)
2(238 239)
2(239 240)
2(240 241)
2(241 242)
2(242 243)
2(243 244)
2(244 245)
2(245 246)
2(246 247)
2(247 248)
2(248 249)
2(249 250)
2(250 251)
2(252 253)
2(253 254)
2(254 255)
2(255 256)
2(256 257)
2(257 258)
2(258 259)
2(259 260)
2(260 261)
2(261 262)
2(262 263)
2(263 264)
2(264 265)
2(265 266)
2(266 267)
2(267 268)
2(268 269)
2(269 270)
2(270 271)
2(271 272)
2(273 274)
2(274 275)
2(275 276)
2(276 277)
2(277 278)
2(278 279)
2(279 280)
2(280 281)
2(281 282)
2(282 283)
2(283 284)
2(284 285)
2(285 286)
2(286 287)
2(287 288)
2(288 289)
2(289 290)
2(290 291)
2(291 292)
2(292 293)
2(294 295)
2(295 296)
2(296 297)
2(297 298)
2(298 299)
2(299 300)
2(300 301)
2(301 302)
2(302 303)
2(303 304)
2(304 305)
2(305 306)
2(306 307)
2(307 308)
2(308 309)
2(309 310)
2(310 311)
2(311 312)
2(312 313)
2(313 314)
2(315 316)
2(316 317)
2(317 318)
2(318 319)
2(319 320)
2(320 321)
2(321 322)
2(322 323)
2(323 324)
2(324 325)
2(325 326)
2(326 327)
2(327 328)
2(328 329)
2(329 330)
2(330 331)
2(331 332)
2(332 333)
2(333 334)
2(334 335)
2(336 337)
2(337 338)
2(338 339)
2(339 340)
2(340 341)
2(341 342)
2(342 343)
2(343 344)
2(344 345)
2(345 346)
2(346 347)
2(347 348)
2(348 349)
2(349 350)
2(350 351)
2(351 352)
2(352 353)
2(353 354)
2(354 355)
2(355 356)
2(357 358)
2(358 359)
2(359 360)
2(360 361)
2(361 362)
2(362 363)
2(363 364)
2(364 365)
2(365 366)
2(366 367)
2(367 368)
2(368 369)
2(369 370)
2(370 371)
2(371 372)
2(372 373)
2(373 374)
2(374 375)
2(375 376)
2(376 377)
2(378 379)
2(379 380)
2(380 381)
2(381 382)
2(382 383)
2(383 384)
2(384 385)
2(385 386)
2(386 387)
2(387 388)
2(388 389)
2(389 390)
2(390 391)
2(391 392)
2(392 393)
2(393 394)
2(394 395)
2(395 396)
2(396 397)
2(397 398)
2(399 400)
2(400 401)
2(401 402)
2(402 403)
2(403 404)
2(404 405)
2(405 406)
2(406 407)
2(407 408)
2(408 409)
2(409 410)
2(410 411)
2(411 412)
2(412 413)
2(413 414)
2(414 415)
2(415 416)
2(416 417)
2(417 418)
2(418 419)
2(420 421)
2(421 422)
2(422 423)
2(423 424)
2(424 425)
2(425 426)
2(426 427)
2(427 428)
2(428 429)
2(429 430)
2(430 431)
2(431 432)
2(432 433)
2(433 434)
2(434 435)
2(435 436)
2(436 437)
2(437 438)
2(438 439)
2(439 440)
2(0 21)
2(21 42)
2(42 63)
2(63 84)
2(84 105)
2(105 126)
2(126 147)
2(147 168)
2(168 189)
2(189 210)
2(210 231)
2(231 252)
2(252 273)
2(273 294)
2(294 315)
2(315 336)
2(336 357)
2(357 378)
2(378 399)
2(399 420)
2(1 22)
2(22 43)
2(43 64)
2(64 85)
2(85 106)
2(106 127)
2(127 148)
2(148 169)
2(169 190)
2(190 211)
2(211 232)
2(232 253)
2(253 274)
2(274 295)
2(295 316)
2(316 337)
2(337 358)
2(358 379)
2(379 400)
2(400 421)
2(2 23)
2(23 44)
2(44 65)
2(65 86)
2(86 107)
2(107 128)
2(128 149)
2(149 170)
2(170 191)
2(191 212)
2(212 233)
2(233 254)
2(254 275)
2(275 296)
2(296 317)
2(317 338)
2(338 359)
2(359 380)
2(380 401)
2(401 422)
2(3 24)
2(24 45)
2(45 66)
2(66 87)
2(87 108)
2(108 129)
2(129 150)
2(150 171)
2(171 192)
2(192 213)
2(213 234)
2(234 255)
2(255 276)
2(276 297)
2(297 318)
2(318 339)
2(339 360)
2(360 381)
2(381 402)
2(402 423)
2(4 25)
2(25 46)
2(46 67)
2(67 88)
2(88 109)
2(109 130)
2(130 151)
2(151 172)
2(172 193)
2(193 214)
2(214 235)
2(235 256)
2(256 277)
2(277 298)
2(298 319)
2(319 340)
2(340 361)
2(361 382)
2(382 403)
2(403 424)
2(5 26)
2(26 47)
2(47 68)
2(68 89)
2(89 110)
2(110 131)
2(131 152)
2(152 173)
2(173 194)
2(194 215)
2(215 236)
2(236 257)
2(257 278)
2(278 299)
2(299 320)
2(320 341)
2(341 362)
2(362 383)
2(383 404)
2(404 425)
2(6 27)
2(27 48)
2(48 69)
2(69 90)
2(90 111)
2(111 132)
2(132 153)
2(153 174)
2(174 195)
2(195 216)
2(216 237)
2(237 258)
2(258 279)
2(279 300)
2(300 321)
2(321 342)
2(342 363)
2(363 384)
2(384 405)
2(405 426)
2(7 28)
2(28 49)
2(49 70)
2(70 91)
2(91 112)
2(112 133)
2(133 154)
2(154 175)
2(175 196)
2(196 217)
2(217 238)
2(238 259)
2(259 280)
2(280 301)
2(301 322)
2(322 343)
2(343 364)
2(364 385)
2(385 406)
2(406 427)
2(8 29)
2(29 50)
2(50 71)
2(71 92)
2(92 113)
2(113 134)
2(134 155)
2(155 176)
2(176 197)
2(197 218)
2(218 239)
2(239 260)
2(260 281)
2(281 302)
2(302 323)
2(323 344)
2(344 365)
2(365 386)
2(386 407)
2(407 428)
2(9 30)
2(30 51)
2(51 72)
2(72 93)
2(93 114)
2(114 135)
2(135 156)
2(156 177)
2(177 198)
2(198 219)
2(219 240)
2(240 261)
2(261 282)
2(282 303)
2(303 324)
2(324 345)
2(345 366)
2(366 387)
2(387 408)
2(408 429)
2(10 31)
2(31 52)
2(52 73)
2(73 94)
2(94 115)
2(115 136)
2(136 157)
2(157 178)
2(178 199)
2(199 220)
2(220 241)
2(241 262)
2(262 283)
2(283 304)
2(304 325)
2(325 346)
2(346 367)
2(367 388)
2(388 409)
2(409 430)
2(11 32)
2(32 53)
2(53 74)
2(74 95)
2(95 116)
2(116 137)
2(137 158)
2(158 179)
2(179 200)
2(200 221)
2(221 242)
2(242 263)
2(263 284)
2(284 305)
2(305 326)
2(326 347)
2(347 368)
2(368 389)
2(389 410)
2(410 431)
2(12 33)
2(33 54)
2(54 75)
2(75 96)
2(96 117)
2(117 138)
2(138 159)
2(159 180)
2(180 201)
2(201 222)
2(222 243)
2(243 264)
2(264 285)
2(285 306)
2(306 327)
2(327 348)
2(348 369)
2(369 390)
2(390 411)
2(411 432)
2(13 34)
2(34 55)
2(55 76)
2(76 97)
2(97 118)
2(118 139)
2(139 160)
2(160 181)
2(181 202)
2(202 223)
2(223 244)
2(244 265)
2(265 286)
2(286 307)
2(307 328)
2(328 349)
2(349 370)
2(370 391)
2(391 412)
2(412 433)
2(14 35)
2(35 56)
2(56 77)
2(77 98)
2(98 119)
2(119 140)
2(140 161)
2(161 182)
2(182 203)
2(203 224)
2(224 245)
2(245 266)
2(266 287)
2(287 308)
2(308 329)
2(329 350)
2(350 371)
2(371 392)
2(392 413)
2(413 434)
2(15 36)
2(36 57)
2(57 78)
2(78 99)
2(99 120)
2(120 141)
2(141 162)
2(162 183)
2(183 204)
2(204 225)
2(225 246)
2(246 267)
2(267 288)
2(288 309)
2(309 330)
2(330 351)
2(351 372)
2(372 393)
2(393 414)
2(414 435)
2(16 37)
2(37 58)
2(58 79)
2(79 100)
2(100 121)
2(121 142)
2(142 163)
2(163 184)
2(184 205)
2(205 226)
2(226 247)
2(247 268)
2(268 289)
2(289 310)
2(310 331)
2(331 352)
2(352 373)
2(373 394)
2(394 415)
2(415 436)
2(17 38)
2(38 59)
2(59 80)
2(80 101)
2(101 122)
2(122 143)
2(143 164)
2(164 185)
2(185 206)
2(206 227)
2(227 248)
2(248 269)
2(269 290)
2(290 311)
2(311 332)
2(332 353)
2(353 374)
2(374 395)
2(395 416)
2(416 437)
2(18 39)
2(39 60)
2(60 81)
2(81 102)
2(102 123)
2(123 144)
2(144 165)
2(165 186)
2(186 207)
2(207 228)
2(228 249)
2(249 270)
2(270 291)
2(291 312)
2(312 333)
2(333 354)
2(354 375)
2(375 396)
2(396 417)
2(417 438)
2(19 40)
2(40 61)
2(61 82)
2(82 103)
2(103 124)
2(124 145)
2(145 166)
2(166 187)
2(187 208)
2(208 229)
2(229 250)
2(250 271)
2(271 292)
2(292 313)
2(313 334)
2(334 355)
2(355 376)
2(376 397)
2(397 418)
2(418 439)
2(20 41)
2(41 62)
2(62 83)
2(83 104)
2(104 125)
2(125 146)
2(146 167)
2(167 188)
2(188 209)
2(209 230)
2(230 251)
2(251 272)
2(272 293)
2(293 314)
2(314 335)
2(335 356)
2(356 377)
2(377 398)
2(398 419)
2(419 440)
)
