100
(
4(0 120 10 110)
4(1 130 11 120)
4(2 140 12 130)
4(3 150 13 140)
4(4 160 14 150)
4(5 170 15 160)
4(6 180 16 170)
4(7 190 17 180)
4(8 200 18 190)
4(9 210 19 200)
4(10 121 20 111)
4(11 131 21 121)
4(12 141 22 131)
4(13 151 23 141)
4(14 161 24 151)
4(15 171 25 161)
4(16 181 26 171)
4(17 191 27 181)
4(18 201 28 191)
4(19 211 29 201)
4(20 122 30 112)
4(21 132 31 122)
4(22 142 32 132)
4(23 152 33 142)
4(24 162 34 152)
4(25 172 35 162)
4(26 182 36 172)
4(27 192 37 182)
4(28 202 38 192)
4(29 212 39 202)
4(30 123 40 113)
4(31 133 41 123)
4(32 143 42 133)
4(33 153 43 143)
4(34 163 44 153)
4(35 173 45 163)
4(36 183 46 173)
4(37 193 47 183)
4(38 203 48 193)
4(39 213 49 203)
4(40 124 50 114)
4(41 134 51 124)
4(42 144 52 134)
4(43 154 53 144)
4(44 164 54 154)
4(45 174 55 164)
4(46 184 56 174)
4(47 194 57 184)
4(48 204 58 194)
4(49 214 59 204)
4(50 125 60 115)
4(51 135 61 125)
4(52 145 62 135)
4(53 155 63 145)
4(54 165 64 155)
4(55 175 65 165)
4(56 185 66 175)
4(57 195 67 185)
4(58 205 68 195)
4(59 215 69 205)
4(60 126 70 116)
4(61 136 71 126)
4(62 146 72 136)
4(63 156 73 146)
4(64 166 74 156)
4(65 176 75 166)
4(66 186 76 176)
4(67 196 77 186)
4(68 206 78 196)
4(69 216 79 206)
4(70 127 80 117)
4(71 137 81 127)
4(72 147 82 137)
4(73 157 83 147)
4(74 167 84 157)
4(75 177 85 167)
4(76 187 86 177)
4(77 197 87 187)
4(78 207 88 197)
4(79 217 89 207)
4(80 128 90 118)
4(81 138 91 128)
4(82 148 92 138)
4(83 158 93 148)
4(84 168 94 158)
4(85 178 95 168)
4(86 188 96 178)
4(87 198 97 188)
4(88 208 98 198)
4(89 218 99 208)
4(90 129 100 119)
4(91 139 101 129)
4(92 149 102 139)
4(93 159 103 149)
4(94 169 104 159)
4(95 179 105 169)
4(96 189 106 179)
4(97 199 107 189)
4(98 209 108 199)
4(99 219 109 209)
)