2500
(
4(0 2600 50 2550)
4(1 2650 51 2600)
4(2 2700 52 2650)
4(3 2750 53 2700)
4(4 2800 54 2750)
4(5 2850 55 2800)
4(6 2900 56 2850)
4(7 2950 57 2900)
4(8 3000 58 2950)
4(9 3050 59 3000)
4(10 3100 60 3050)
4(11 3150 61 3100)
4(12 3200 62 3150)
4(13 3250 63 3200)
4(14 3300 64 3250)
4(15 3350 65 3300)
4(16 3400 66 3350)
4(17 3450 67 3400)
4(18 3500 68 3450)
4(19 3550 69 3500)
4(20 3600 70 3550)
4(21 3650 71 3600)
4(22 3700 72 3650)
4(23 3750 73 3700)
4(24 3800 74 3750)
4(25 3850 75 3800)
4(26 3900 76 3850)
4(27 3950 77 3900)
4(28 4000 78 3950)
4(29 4050 79 4000)
4(30 4100 80 4050)
4(31 4150 81 4100)
4(32 4200 82 4150)
4(33 4250 83 4200)
4(34 4300 84 4250)
4(35 4350 85 4300)
4(36 4400 86 4350)
4(37 4450 87 4400)
4(38 4500 88 4450)
4(39 4550 89 4500)
4(40 4600 90 4550)
4(41 4650 91 4600)
4(42 4700 92 4650)
4(43 4750 93 4700)
4(44 4800 94 4750)
4(45 4850 95 4800)
4(46 4900 96 4850)
4(47 4950 97 4900)
4(48 5000 98 4950)
4(49 5050 99 5000)
4(50 2601 100 2551)
4(51 2651 101 2601)
4(52 2701 102 2651)
4(53 2751 103 2701)
4(54 2801 104 2751)
4(55 2851 105 2801)
4(56 2901 106 2851)
4(57 2951 107 2901)
4(58 3001 108 2951)
4(59 3051 109 3001)
4(60 3101 110 3051)
4(61 3151 111 3101)
4(62 3201 112 3151)
4(63 3251 113 3201)
4(64 3301 114 3251)
4(65 3351 115 3301)
4(66 3401 116 3351)
4(67 3451 117 3401)
4(68 3501 118 3451)
4(69 3551 119 3501)
4(70 3601 120 3551)
4(71 3651 121 3601)
4(72 3701 122 3651)
4(73 3751 123 3701)
4(74 3801 124 3751)
4(75 3851 125 3801)
4(76 3901 126 3851)
4(77 3951 127 3901)
4(78 4001 128 3951)
4(79 4051 129 4001)
4(80 4101 130 4051)
4(81 4151 131 4101)
4(82 4201 132 4151)
4(83 4251 133 4201)
4(84 4301 134 4251)
4(85 4351 135 4301)
4(86 4401 136 4351)
4(87 4451 137 4401)
4(88 4501 138 4451)
4(89 4551 139 4501)
4(90 4601 140 4551)
4(91 4651 141 4601)
4(92 4701 142 4651)
4(93 4751 143 4701)
4(94 4801 144 4751)
4(95 4851 145 4801)
4(96 4901 146 4851)
4(97 4951 147 4901)
4(98 5001 148 4951)
4(99 5051 149 5001)
4(100 2602 150 2552)
4(101 2652 151 2602)
4(102 2702 152 2652)
4(103 2752 153 2702)
4(104 2802 154 2752)
4(105 2852 155 2802)
4(106 2902 156 2852)
4(107 2952 157 2902)
4(108 3002 158 2952)
4(109 3052 159 3002)
4(110 3102 160 3052)
4(111 3152 161 3102)
4(112 3202 162 3152)
4(113 3252 163 3202)
4(114 3302 164 3252)
4(115 3352 165 3302)
4(116 3402 166 3352)
4(117 3452 167 3402)
4(118 3502 168 3452)
4(119 3552 169 3502)
4(120 3602 170 3552)
4(121 3652 171 3602)
4(122 3702 172 3652)
4(123 3752 173 3702)
4(124 3802 174 3752)
4(125 3852 175 3802)
4(126 3902 176 3852)
4(127 3952 177 3902)
4(128 4002 178 3952)
4(129 4052 179 4002)
4(130 4102 180 4052)
4(131 4152 181 4102)
4(132 4202 182 4152)
4(133 4252 183 4202)
4(134 4302 184 4252)
4(135 4352 185 4302)
4(136 4402 186 4352)
4(137 4452 187 4402)
4(138 4502 188 4452)
4(139 4552 189 4502)
4(140 4602 190 4552)
4(141 4652 191 4602)
4(142 4702 192 4652)
4(143 4752 193 4702)
4(144 4802 194 4752)
4(145 4852 195 4802)
4(146 4902 196 4852)
4(147 4952 197 4902)
4(148 5002 198 4952)
4(149 5052 199 5002)
4(150 2603 200 2553)
4(151 2653 201 2603)
4(152 2703 202 2653)
4(153 2753 203 2703)
4(154 2803 204 2753)
4(155 2853 205 2803)
4(156 2903 206 2853)
4(157 2953 207 2903)
4(158 3003 208 2953)
4(159 3053 209 3003)
4(160 3103 210 3053)
4(161 3153 211 3103)
4(162 3203 212 3153)
4(163 3253 213 3203)
4(164 3303 214 3253)
4(165 3353 215 3303)
4(166 3403 216 3353)
4(167 3453 217 3403)
4(168 3503 218 3453)
4(169 3553 219 3503)
4(170 3603 220 3553)
4(171 3653 221 3603)
4(172 3703 222 3653)
4(173 3753 223 3703)
4(174 3803 224 3753)
4(175 3853 225 3803)
4(176 3903 226 3853)
4(177 3953 227 3903)
4(178 4003 228 3953)
4(179 4053 229 4003)
4(180 4103 230 4053)
4(181 4153 231 4103)
4(182 4203 232 4153)
4(183 4253 233 4203)
4(184 4303 234 4253)
4(185 4353 235 4303)
4(186 4403 236 4353)
4(187 4453 237 4403)
4(188 4503 238 4453)
4(189 4553 239 4503)
4(190 4603 240 4553)
4(191 4653 241 4603)
4(192 4703 242 4653)
4(193 4753 243 4703)
4(194 4803 244 4753)
4(195 4853 245 4803)
4(196 4903 246 4853)
4(197 4953 247 4903)
4(198 5003 248 4953)
4(199 5053 249 5003)
4(200 2604 250 2554)
4(201 2654 251 2604)
4(202 2704 252 2654)
4(203 2754 253 2704)
4(204 2804 254 2754)
4(205 2854 255 2804)
4(206 2904 256 2854)
4(207 2954 257 2904)
4(208 3004 258 2954)
4(209 3054 259 3004)
4(210 3104 260 3054)
4(211 3154 261 3104)
4(212 3204 262 3154)
4(213 3254 263 3204)
4(214 3304 264 3254)
4(215 3354 265 3304)
4(216 3404 266 3354)
4(217 3454 267 3404)
4(218 3504 268 3454)
4(219 3554 269 3504)
4(220 3604 270 3554)
4(221 3654 271 3604)
4(222 3704 272 3654)
4(223 3754 273 3704)
4(224 3804 274 3754)
4(225 3854 275 3804)
4(226 3904 276 3854)
4(227 3954 277 3904)
4(228 4004 278 3954)
4(229 4054 279 4004)
4(230 4104 280 4054)
4(231 4154 281 4104)
4(232 4204 282 4154)
4(233 4254 283 4204)
4(234 4304 284 4254)
4(235 4354 285 4304)
4(236 4404 286 4354)
4(237 4454 287 4404)
4(238 4504 288 4454)
4(239 4554 289 4504)
4(240 4604 290 4554)
4(241 4654 291 4604)
4(242 4704 292 4654)
4(243 4754 293 4704)
4(244 4804 294 4754)
4(245 4854 295 4804)
4(246 4904 296 4854)
4(247 4954 297 4904)
4(248 5004 298 4954)
4(249 5054 299 5004)
4(250 2605 300 2555)
4(251 2655 301 2605)
4(252 2705 302 2655)
4(253 2755 303 2705)
4(254 2805 304 2755)
4(255 2855 305 2805)
4(256 2905 306 2855)
4(257 2955 307 2905)
4(258 3005 308 2955)
4(259 3055 309 3005)
4(260 3105 310 3055)
4(261 3155 311 3105)
4(262 3205 312 3155)
4(263 3255 313 3205)
4(264 3305 314 3255)
4(265 3355 315 3305)
4(266 3405 316 3355)
4(267 3455 317 3405)
4(268 3505 318 3455)
4(269 3555 319 3505)
4(270 3605 320 3555)
4(271 3655 321 3605)
4(272 3705 322 3655)
4(273 3755 323 3705)
4(274 3805 324 3755)
4(275 3855 325 3805)
4(276 3905 326 3855)
4(277 3955 327 3905)
4(278 4005 328 3955)
4(279 4055 329 4005)
4(280 4105 330 4055)
4(281 4155 331 4105)
4(282 4205 332 4155)
4(283 4255 333 4205)
4(284 4305 334 4255)
4(285 4355 335 4305)
4(286 4405 336 4355)
4(287 4455 337 4405)
4(288 4505 338 4455)
4(289 4555 339 4505)
4(290 4605 340 4555)
4(291 4655 341 4605)
4(292 4705 342 4655)
4(293 4755 343 4705)
4(294 4805 344 4755)
4(295 4855 345 4805)
4(296 4905 346 4855)
4(297 4955 347 4905)
4(298 5005 348 4955)
4(299 5055 349 5005)
4(300 2606 350 2556)
4(301 2656 351 2606)
4(302 2706 352 2656)
4(303 2756 353 2706)
4(304 2806 354 2756)
4(305 2856 355 2806)
4(306 2906 356 2856)
4(307 2956 357 2906)
4(308 3006 358 2956)
4(309 3056 359 3006)
4(310 3106 360 3056)
4(311 3156 361 3106)
4(312 3206 362 3156)
4(313 3256 363 3206)
4(314 3306 364 3256)
4(315 3356 365 3306)
4(316 3406 366 3356)
4(317 3456 367 3406)
4(318 3506 368 3456)
4(319 3556 369 3506)
4(320 3606 370 3556)
4(321 3656 371 3606)
4(322 3706 372 3656)
4(323 3756 373 3706)
4(324 3806 374 3756)
4(325 3856 375 3806)
4(326 3906 376 3856)
4(327 3956 377 3906)
4(328 4006 378 3956)
4(329 4056 379 4006)
4(330 4106 380 4056)
4(331 4156 381 4106)
4(332 4206 382 4156)
4(333 4256 383 4206)
4(334 4306 384 4256)
4(335 4356 385 4306)
4(336 4406 386 4356)
4(337 4456 387 4406)
4(338 4506 388 4456)
4(339 4556 389 4506)
4(340 4606 390 4556)
4(341 4656 391 4606)
4(342 4706 392 4656)
4(343 4756 393 4706)
4(344 4806 394 4756)
4(345 4856 395 4806)
4(346 4906 396 4856)
4(347 4956 397 4906)
4(348 5006 398 4956)
4(349 5056 399 5006)
4(350 2607 400 2557)
4(351 2657 401 2607)
4(352 2707 402 2657)
4(353 2757 403 2707)
4(354 2807 404 2757)
4(355 2857 405 2807)
4(356 2907 406 2857)
4(357 2957 407 2907)
4(358 3007 408 2957)
4(359 3057 409 3007)
4(360 3107 410 3057)
4(361 3157 411 3107)
4(362 3207 412 3157)
4(363 3257 413 3207)
4(364 3307 414 3257)
4(365 3357 415 3307)
4(366 3407 416 3357)
4(367 3457 417 3407)
4(368 3507 418 3457)
4(369 3557 419 3507)
4(370 3607 420 3557)
4(371 3657 421 3607)
4(372 3707 422 3657)
4(373 3757 423 3707)
4(374 3807 424 3757)
4(375 3857 425 3807)
4(376 3907 426 3857)
4(377 3957 427 3907)
4(378 4007 428 3957)
4(379 4057 429 4007)
4(380 4107 430 4057)
4(381 4157 431 4107)
4(382 4207 432 4157)
4(383 4257 433 4207)
4(384 4307 434 4257)
4(385 4357 435 4307)
4(386 4407 436 4357)
4(387 4457 437 4407)
4(388 4507 438 4457)
4(389 4557 439 4507)
4(390 4607 440 4557)
4(391 4657 441 4607)
4(392 4707 442 4657)
4(393 4757 443 4707)
4(394 4807 444 4757)
4(395 4857 445 4807)
4(396 4907 446 4857)
4(397 4957 447 4907)
4(398 5007 448 4957)
4(399 5057 449 5007)
4(400 2608 450 2558)
4(401 2658 451 2608)
4(402 2708 452 2658)
4(403 2758 453 2708)
4(404 2808 454 2758)
4(405 2858 455 2808)
4(406 2908 456 2858)
4(407 2958 457 2908)
4(408 3008 458 2958)
4(409 3058 459 3008)
4(410 3108 460 3058)
4(411 3158 461 3108)
4(412 3208 462 3158)
4(413 3258 463 3208)
4(414 3308 464 3258)
4(415 3358 465 3308)
4(416 3408 466 3358)
4(417 3458 467 3408)
4(418 3508 468 3458)
4(419 3558 469 3508)
4(420 3608 470 3558)
4(421 3658 471 3608)
4(422 3708 472 3658)
4(423 3758 473 3708)
4(424 3808 474 3758)
4(425 3858 475 3808)
4(426 3908 476 3858)
4(427 3958 477 3908)
4(428 4008 478 3958)
4(429 4058 479 4008)
4(430 4108 480 4058)
4(431 4158 481 4108)
4(432 4208 482 4158)
4(433 4258 483 4208)
4(434 4308 484 4258)
4(435 4358 485 4308)
4(436 4408 486 4358)
4(437 4458 487 4408)
4(438 4508 488 4458)
4(439 4558 489 4508)
4(440 4608 490 4558)
4(441 4658 491 4608)
4(442 4708 492 4658)
4(443 4758 493 4708)
4(444 4808 494 4758)
4(445 4858 495 4808)
4(446 4908 496 4858)
4(447 4958 497 4908)
4(448 5008 498 4958)
4(449 5058 499 5008)
4(450 2609 500 2559)
4(451 2659 501 2609)
4(452 2709 502 2659)
4(453 2759 503 2709)
4(454 2809 504 2759)
4(455 2859 505 2809)
4(456 2909 506 2859)
4(457 2959 507 2909)
4(458 3009 508 2959)
4(459 3059 509 3009)
4(460 3109 510 3059)
4(461 3159 511 3109)
4(462 3209 512 3159)
4(463 3259 513 3209)
4(464 3309 514 3259)
4(465 3359 515 3309)
4(466 3409 516 3359)
4(467 3459 517 3409)
4(468 3509 518 3459)
4(469 3559 519 3509)
4(470 3609 520 3559)
4(471 3659 521 3609)
4(472 3709 522 3659)
4(473 3759 523 3709)
4(474 3809 524 3759)
4(475 3859 525 3809)
4(476 3909 526 3859)
4(477 3959 527 3909)
4(478 4009 528 3959)
4(479 4059 529 4009)
4(480 4109 530 4059)
4(481 4159 531 4109)
4(482 4209 532 4159)
4(483 4259 533 4209)
4(484 4309 534 4259)
4(485 4359 535 4309)
4(486 4409 536 4359)
4(487 4459 537 4409)
4(488 4509 538 4459)
4(489 4559 539 4509)
4(490 4609 540 4559)
4(491 4659 541 4609)
4(492 4709 542 4659)
4(493 4759 543 4709)
4(494 4809 544 4759)
4(495 4859 545 4809)
4(496 4909 546 4859)
4(497 4959 547 4909)
4(498 5009 548 4959)
4(499 5059 549 5009)
4(500 2610 550 2560)
4(501 2660 551 2610)
4(502 2710 552 2660)
4(503 2760 553 2710)
4(504 2810 554 2760)
4(505 2860 555 2810)
4(506 2910 556 2860)
4(507 2960 557 2910)
4(508 3010 558 2960)
4(509 3060 559 3010)
4(510 3110 560 3060)
4(511 3160 561 3110)
4(512 3210 562 3160)
4(513 3260 563 3210)
4(514 3310 564 3260)
4(515 3360 565 3310)
4(516 3410 566 3360)
4(517 3460 567 3410)
4(518 3510 568 3460)
4(519 3560 569 3510)
4(520 3610 570 3560)
4(521 3660 571 3610)
4(522 3710 572 3660)
4(523 3760 573 3710)
4(524 3810 574 3760)
4(525 3860 575 3810)
4(526 3910 576 3860)
4(527 3960 577 3910)
4(528 4010 578 3960)
4(529 4060 579 4010)
4(530 4110 580 4060)
4(531 4160 581 4110)
4(532 4210 582 4160)
4(533 4260 583 4210)
4(534 4310 584 4260)
4(535 4360 585 4310)
4(536 4410 586 4360)
4(537 4460 587 4410)
4(538 4510 588 4460)
4(539 4560 589 4510)
4(540 4610 590 4560)
4(541 4660 591 4610)
4(542 4710 592 4660)
4(543 4760 593 4710)
4(544 4810 594 4760)
4(545 4860 595 4810)
4(546 4910 596 4860)
4(547 4960 597 4910)
4(548 5010 598 4960)
4(549 5060 599 5010)
4(550 2611 600 2561)
4(551 2661 601 2611)
4(552 2711 602 2661)
4(553 2761 603 2711)
4(554 2811 604 2761)
4(555 2861 605 2811)
4(556 2911 606 2861)
4(557 2961 607 2911)
4(558 3011 608 2961)
4(559 3061 609 3011)
4(560 3111 610 3061)
4(561 3161 611 3111)
4(562 3211 612 3161)
4(563 3261 613 3211)
4(564 3311 614 3261)
4(565 3361 615 3311)
4(566 3411 616 3361)
4(567 3461 617 3411)
4(568 3511 618 3461)
4(569 3561 619 3511)
4(570 3611 620 3561)
4(571 3661 621 3611)
4(572 3711 622 3661)
4(573 3761 623 3711)
4(574 3811 624 3761)
4(575 3861 625 3811)
4(576 3911 626 3861)
4(577 3961 627 3911)
4(578 4011 628 3961)
4(579 4061 629 4011)
4(580 4111 630 4061)
4(581 4161 631 4111)
4(582 4211 632 4161)
4(583 4261 633 4211)
4(584 4311 634 4261)
4(585 4361 635 4311)
4(586 4411 636 4361)
4(587 4461 637 4411)
4(588 4511 638 4461)
4(589 4561 639 4511)
4(590 4611 640 4561)
4(591 4661 641 4611)
4(592 4711 642 4661)
4(593 4761 643 4711)
4(594 4811 644 4761)
4(595 4861 645 4811)
4(596 4911 646 4861)
4(597 4961 647 4911)
4(598 5011 648 4961)
4(599 5061 649 5011)
4(600 2612 650 2562)
4(601 2662 651 2612)
4(602 2712 652 2662)
4(603 2762 653 2712)
4(604 2812 654 2762)
4(605 2862 655 2812)
4(606 2912 656 2862)
4(607 2962 657 2912)
4(608 3012 658 2962)
4(609 3062 659 3012)
4(610 3112 660 3062)
4(611 3162 661 3112)
4(612 3212 662 3162)
4(613 3262 663 3212)
4(614 3312 664 3262)
4(615 3362 665 3312)
4(616 3412 666 3362)
4(617 3462 667 3412)
4(618 3512 668 3462)
4(619 3562 669 3512)
4(620 3612 670 3562)
4(621 3662 671 3612)
4(622 3712 672 3662)
4(623 3762 673 3712)
4(624 3812 674 3762)
4(625 3862 675 3812)
4(626 3912 676 3862)
4(627 3962 677 3912)
4(628 4012 678 3962)
4(629 4062 679 4012)
4(630 4112 680 4062)
4(631 4162 681 4112)
4(632 4212 682 4162)
4(633 4262 683 4212)
4(634 4312 684 4262)
4(635 4362 685 4312)
4(636 4412 686 4362)
4(637 4462 687 4412)
4(638 4512 688 4462)
4(639 4562 689 4512)
4(640 4612 690 4562)
4(641 4662 691 4612)
4(642 4712 692 4662)
4(643 4762 693 4712)
4(644 4812 694 4762)
4(645 4862 695 4812)
4(646 4912 696 4862)
4(647 4962 697 4912)
4(648 5012 698 4962)
4(649 5062 699 5012)
4(650 2613 700 2563)
4(651 2663 701 2613)
4(652 2713 702 2663)
4(653 2763 703 2713)
4(654 2813 704 2763)
4(655 2863 705 2813)
4(656 2913 706 2863)
4(657 2963 707 2913)
4(658 3013 708 2963)
4(659 3063 709 3013)
4(660 3113 710 3063)
4(661 3163 711 3113)
4(662 3213 712 3163)
4(663 3263 713 3213)
4(664 3313 714 3263)
4(665 3363 715 3313)
4(666 3413 716 3363)
4(667 3463 717 3413)
4(668 3513 718 3463)
4(669 3563 719 3513)
4(670 3613 720 3563)
4(671 3663 721 3613)
4(672 3713 722 3663)
4(673 3763 723 3713)
4(674 3813 724 3763)
4(675 3863 725 3813)
4(676 3913 726 3863)
4(677 3963 727 3913)
4(678 4013 728 3963)
4(679 4063 729 4013)
4(680 4113 730 4063)
4(681 4163 731 4113)
4(682 4213 732 4163)
4(683 4263 733 4213)
4(684 4313 734 4263)
4(685 4363 735 4313)
4(686 4413 736 4363)
4(687 4463 737 4413)
4(688 4513 738 4463)
4(689 4563 739 4513)
4(690 4613 740 4563)
4(691 4663 741 4613)
4(692 4713 742 4663)
4(693 4763 743 4713)
4(694 4813 744 4763)
4(695 4863 745 4813)
4(696 4913 746 4863)
4(697 4963 747 4913)
4(698 5013 748 4963)
4(699 5063 749 5013)
4(700 2614 750 2564)
4(701 2664 751 2614)
4(702 2714 752 2664)
4(703 2764 753 2714)
4(704 2814 754 2764)
4(705 2864 755 2814)
4(706 2914 756 2864)
4(707 2964 757 2914)
4(708 3014 758 2964)
4(709 3064 759 3014)
4(710 3114 760 3064)
4(711 3164 761 3114)
4(712 3214 762 3164)
4(713 3264 763 3214)
4(714 3314 764 3264)
4(715 3364 765 3314)
4(716 3414 766 3364)
4(717 3464 767 3414)
4(718 3514 768 3464)
4(719 3564 769 3514)
4(720 3614 770 3564)
4(721 3664 771 3614)
4(722 3714 772 3664)
4(723 3764 773 3714)
4(724 3814 774 3764)
4(725 3864 775 3814)
4(726 3914 776 3864)
4(727 3964 777 3914)
4(728 4014 778 3964)
4(729 4064 779 4014)
4(730 4114 780 4064)
4(731 4164 781 4114)
4(732 4214 782 4164)
4(733 4264 783 4214)
4(734 4314 784 4264)
4(735 4364 785 4314)
4(736 4414 786 4364)
4(737 4464 787 4414)
4(738 4514 788 4464)
4(739 4564 789 4514)
4(740 4614 790 4564)
4(741 4664 791 4614)
4(742 4714 792 4664)
4(743 4764 793 4714)
4(744 4814 794 4764)
4(745 4864 795 4814)
4(746 4914 796 4864)
4(747 4964 797 4914)
4(748 5014 798 4964)
4(749 5064 799 5014)
4(750 2615 800 2565)
4(751 2665 801 2615)
4(752 2715 802 2665)
4(753 2765 803 2715)
4(754 2815 804 2765)
4(755 2865 805 2815)
4(756 2915 806 2865)
4(757 2965 807 2915)
4(758 3015 808 2965)
4(759 3065 809 3015)
4(760 3115 810 3065)
4(761 3165 811 3115)
4(762 3215 812 3165)
4(763 3265 813 3215)
4(764 3315 814 3265)
4(765 3365 815 3315)
4(766 3415 816 3365)
4(767 3465 817 3415)
4(768 3515 818 3465)
4(769 3565 819 3515)
4(770 3615 820 3565)
4(771 3665 821 3615)
4(772 3715 822 3665)
4(773 3765 823 3715)
4(774 3815 824 3765)
4(775 3865 825 3815)
4(776 3915 826 3865)
4(777 3965 827 3915)
4(778 4015 828 3965)
4(779 4065 829 4015)
4(780 4115 830 4065)
4(781 4165 831 4115)
4(782 4215 832 4165)
4(783 4265 833 4215)
4(784 4315 834 4265)
4(785 4365 835 4315)
4(786 4415 836 4365)
4(787 4465 837 4415)
4(788 4515 838 4465)
4(789 4565 839 4515)
4(790 4615 840 4565)
4(791 4665 841 4615)
4(792 4715 842 4665)
4(793 4765 843 4715)
4(794 4815 844 4765)
4(795 4865 845 4815)
4(796 4915 846 4865)
4(797 4965 847 4915)
4(798 5015 848 4965)
4(799 5065 849 5015)
4(800 2616 850 2566)
4(801 2666 851 2616)
4(802 2716 852 2666)
4(803 2766 853 2716)
4(804 2816 854 2766)
4(805 2866 855 2816)
4(806 2916 856 2866)
4(807 2966 857 2916)
4(808 3016 858 2966)
4(809 3066 859 3016)
4(810 3116 860 3066)
4(811 3166 861 3116)
4(812 3216 862 3166)
4(813 3266 863 3216)
4(814 3316 864 3266)
4(815 3366 865 3316)
4(816 3416 866 3366)
4(817 3466 867 3416)
4(818 3516 868 3466)
4(819 3566 869 3516)
4(820 3616 870 3566)
4(821 3666 871 3616)
4(822 3716 872 3666)
4(823 3766 873 3716)
4(824 3816 874 3766)
4(825 3866 875 3816)
4(826 3916 876 3866)
4(827 3966 877 3916)
4(828 4016 878 3966)
4(829 4066 879 4016)
4(830 4116 880 4066)
4(831 4166 881 4116)
4(832 4216 882 4166)
4(833 4266 883 4216)
4(834 4316 884 4266)
4(835 4366 885 4316)
4(836 4416 886 4366)
4(837 4466 887 4416)
4(838 4516 888 4466)
4(839 4566 889 4516)
4(840 4616 890 4566)
4(841 4666 891 4616)
4(842 4716 892 4666)
4(843 4766 893 4716)
4(844 4816 894 4766)
4(845 4866 895 4816)
4(846 4916 896 4866)
4(847 4966 897 4916)
4(848 5016 898 4966)
4(849 5066 899 5016)
4(850 2617 900 2567)
4(851 2667 901 2617)
4(852 2717 902 2667)
4(853 2767 903 2717)
4(854 2817 904 2767)
4(855 2867 905 2817)
4(856 2917 906 2867)
4(857 2967 907 2917)
4(858 3017 908 2967)
4(859 3067 909 3017)
4(860 3117 910 3067)
4(861 3167 911 3117)
4(862 3217 912 3167)
4(863 3267 913 3217)
4(864 3317 914 3267)
4(865 3367 915 3317)
4(866 3417 916 3367)
4(867 3467 917 3417)
4(868 3517 918 3467)
4(869 3567 919 3517)
4(870 3617 920 3567)
4(871 3667 921 3617)
4(872 3717 922 3667)
4(873 3767 923 3717)
4(874 3817 924 3767)
4(875 3867 925 3817)
4(876 3917 926 3867)
4(877 3967 927 3917)
4(878 4017 928 3967)
4(879 4067 929 4017)
4(880 4117 930 4067)
4(881 4167 931 4117)
4(882 4217 932 4167)
4(883 4267 933 4217)
4(884 4317 934 4267)
4(885 4367 935 4317)
4(886 4417 936 4367)
4(887 4467 937 4417)
4(888 4517 938 4467)
4(889 4567 939 4517)
4(890 4617 940 4567)
4(891 4667 941 4617)
4(892 4717 942 4667)
4(893 4767 943 4717)
4(894 4817 944 4767)
4(895 4867 945 4817)
4(896 4917 946 4867)
4(897 4967 947 4917)
4(898 5017 948 4967)
4(899 5067 949 5017)
4(900 2618 950 2568)
4(901 2668 951 2618)
4(902 2718 952 2668)
4(903 2768 953 2718)
4(904 2818 954 2768)
4(905 2868 955 2818)
4(906 2918 956 2868)
4(907 2968 957 2918)
4(908 3018 958 2968)
4(909 3068 959 3018)
4(910 3118 960 3068)
4(911 3168 961 3118)
4(912 3218 962 3168)
4(913 3268 963 3218)
4(914 3318 964 3268)
4(915 3368 965 3318)
4(916 3418 966 3368)
4(917 3468 967 3418)
4(918 3518 968 3468)
4(919 3568 969 3518)
4(920 3618 970 3568)
4(921 3668 971 3618)
4(922 3718 972 3668)
4(923 3768 973 3718)
4(924 3818 974 3768)
4(925 3868 975 3818)
4(926 3918 976 3868)
4(927 3968 977 3918)
4(928 4018 978 3968)
4(929 4068 979 4018)
4(930 4118 980 4068)
4(931 4168 981 4118)
4(932 4218 982 4168)
4(933 4268 983 4218)
4(934 4318 984 4268)
4(935 4368 985 4318)
4(936 4418 986 4368)
4(937 4468 987 4418)
4(938 4518 988 4468)
4(939 4568 989 4518)
4(940 4618 990 4568)
4(941 4668 991 4618)
4(942 4718 992 4668)
4(943 4768 993 4718)
4(944 4818 994 4768)
4(945 4868 995 4818)
4(946 4918 996 4868)
4(947 4968 997 4918)
4(948 5018 998 4968)
4(949 5068 999 5018)
4(950 2619 1000 2569)
4(951 2669 1001 2619)
4(952 2719 1002 2669)
4(953 2769 1003 2719)
4(954 2819 1004 2769)
4(955 2869 1005 2819)
4(956 2919 1006 2869)
4(957 2969 1007 2919)
4(958 3019 1008 2969)
4(959 3069 1009 3019)
4(960 3119 1010 3069)
4(961 3169 1011 3119)
4(962 3219 1012 3169)
4(963 3269 1013 3219)
4(964 3319 1014 3269)
4(965 3369 1015 3319)
4(966 3419 1016 3369)
4(967 3469 1017 3419)
4(968 3519 1018 3469)
4(969 3569 1019 3519)
4(970 3619 1020 3569)
4(971 3669 1021 3619)
4(972 3719 1022 3669)
4(973 3769 1023 3719)
4(974 3819 1024 3769)
4(975 3869 1025 3819)
4(976 3919 1026 3869)
4(977 3969 1027 3919)
4(978 4019 1028 3969)
4(979 4069 1029 4019)
4(980 4119 1030 4069)
4(981 4169 1031 4119)
4(982 4219 1032 4169)
4(983 4269 1033 4219)
4(984 4319 1034 4269)
4(985 4369 1035 4319)
4(986 4419 1036 4369)
4(987 4469 1037 4419)
4(988 4519 1038 4469)
4(989 4569 1039 4519)
4(990 4619 1040 4569)
4(991 4669 1041 4619)
4(992 4719 1042 4669)
4(993 4769 1043 4719)
4(994 4819 1044 4769)
4(995 4869 1045 4819)
4(996 4919 1046 4869)
4(997 4969 1047 4919)
4(998 5019 1048 4969)
4(999 5069 1049 5019)
4(1000 2620 1050 2570)
4(1001 2670 1051 2620)
4(1002 2720 1052 2670)
4(1003 2770 1053 2720)
4(1004 2820 1054 2770)
4(1005 2870 1055 2820)
4(1006 2920 1056 2870)
4(1007 2970 1057 2920)
4(1008 3020 1058 2970)
4(1009 3070 1059 3020)
4(1010 3120 1060 3070)
4(1011 3170 1061 3120)
4(1012 3220 1062 3170)
4(1013 3270 1063 3220)
4(1014 3320 1064 3270)
4(1015 3370 1065 3320)
4(1016 3420 1066 3370)
4(1017 3470 1067 3420)
4(1018 3520 1068 3470)
4(1019 3570 1069 3520)
4(1020 3620 1070 3570)
4(1021 3670 1071 3620)
4(1022 3720 1072 3670)
4(1023 3770 1073 3720)
4(1024 3820 1074 3770)
4(1025 3870 1075 3820)
4(1026 3920 1076 3870)
4(1027 3970 1077 3920)
4(1028 4020 1078 3970)
4(1029 4070 1079 4020)
4(1030 4120 1080 4070)
4(1031 4170 1081 4120)
4(1032 4220 1082 4170)
4(1033 4270 1083 4220)
4(1034 4320 1084 4270)
4(1035 4370 1085 4320)
4(1036 4420 1086 4370)
4(1037 4470 1087 4420)
4(1038 4520 1088 4470)
4(1039 4570 1089 4520)
4(1040 4620 1090 4570)
4(1041 4670 1091 4620)
4(1042 4720 1092 4670)
4(1043 4770 1093 4720)
4(1044 4820 1094 4770)
4(1045 4870 1095 4820)
4(1046 4920 1096 4870)
4(1047 4970 1097 4920)
4(1048 5020 1098 4970)
4(1049 5070 1099 5020)
4(1050 2621 1100 2571)
4(1051 2671 1101 2621)
4(1052 2721 1102 2671)
4(1053 2771 1103 2721)
4(1054 2821 1104 2771)
4(1055 2871 1105 2821)
4(1056 2921 1106 2871)
4(1057 2971 1107 2921)
4(1058 3021 1108 2971)
4(1059 3071 1109 3021)
4(1060 3121 1110 3071)
4(1061 3171 1111 3121)
4(1062 3221 1112 3171)
4(1063 3271 1113 3221)
4(1064 3321 1114 3271)
4(1065 3371 1115 3321)
4(1066 3421 1116 3371)
4(1067 3471 1117 3421)
4(1068 3521 1118 3471)
4(1069 3571 1119 3521)
4(1070 3621 1120 3571)
4(1071 3671 1121 3621)
4(1072 3721 1122 3671)
4(1073 3771 1123 3721)
4(1074 3821 1124 3771)
4(1075 3871 1125 3821)
4(1076 3921 1126 3871)
4(1077 3971 1127 3921)
4(1078 4021 1128 3971)
4(1079 4071 1129 4021)
4(1080 4121 1130 4071)
4(1081 4171 1131 4121)
4(1082 4221 1132 4171)
4(1083 4271 1133 4221)
4(1084 4321 1134 4271)
4(1085 4371 1135 4321)
4(1086 4421 1136 4371)
4(1087 4471 1137 4421)
4(1088 4521 1138 4471)
4(1089 4571 1139 4521)
4(1090 4621 1140 4571)
4(1091 4671 1141 4621)
4(1092 4721 1142 4671)
4(1093 4771 1143 4721)
4(1094 4821 1144 4771)
4(1095 4871 1145 4821)
4(1096 4921 1146 4871)
4(1097 4971 1147 4921)
4(1098 5021 1148 4971)
4(1099 5071 1149 5021)
4(1100 2622 1150 2572)
4(1101 2672 1151 2622)
4(1102 2722 1152 2672)
4(1103 2772 1153 2722)
4(1104 2822 1154 2772)
4(1105 2872 1155 2822)
4(1106 2922 1156 2872)
4(1107 2972 1157 2922)
4(1108 3022 1158 2972)
4(1109 3072 1159 3022)
4(1110 3122 1160 3072)
4(1111 3172 1161 3122)
4(1112 3222 1162 3172)
4(1113 3272 1163 3222)
4(1114 3322 1164 3272)
4(1115 3372 1165 3322)
4(1116 3422 1166 3372)
4(1117 3472 1167 3422)
4(1118 3522 1168 3472)
4(1119 3572 1169 3522)
4(1120 3622 1170 3572)
4(1121 3672 1171 3622)
4(1122 3722 1172 3672)
4(1123 3772 1173 3722)
4(1124 3822 1174 3772)
4(1125 3872 1175 3822)
4(1126 3922 1176 3872)
4(1127 3972 1177 3922)
4(1128 4022 1178 3972)
4(1129 4072 1179 4022)
4(1130 4122 1180 4072)
4(1131 4172 1181 4122)
4(1132 4222 1182 4172)
4(1133 4272 1183 4222)
4(1134 4322 1184 4272)
4(1135 4372 1185 4322)
4(1136 4422 1186 4372)
4(1137 4472 1187 4422)
4(1138 4522 1188 4472)
4(1139 4572 1189 4522)
4(1140 4622 1190 4572)
4(1141 4672 1191 4622)
4(1142 4722 1192 4672)
4(1143 4772 1193 4722)
4(1144 4822 1194 4772)
4(1145 4872 1195 4822)
4(1146 4922 1196 4872)
4(1147 4972 1197 4922)
4(1148 5022 1198 4972)
4(1149 5072 1199 5022)
4(1150 2623 1200 2573)
4(1151 2673 1201 2623)
4(1152 2723 1202 2673)
4(1153 2773 1203 2723)
4(1154 2823 1204 2773)
4(1155 2873 1205 2823)
4(1156 2923 1206 2873)
4(1157 2973 1207 2923)
4(1158 3023 1208 2973)
4(1159 3073 1209 3023)
4(1160 3123 1210 3073)
4(1161 3173 1211 3123)
4(1162 3223 1212 3173)
4(1163 3273 1213 3223)
4(1164 3323 1214 3273)
4(1165 3373 1215 3323)
4(1166 3423 1216 3373)
4(1167 3473 1217 3423)
4(1168 3523 1218 3473)
4(1169 3573 1219 3523)
4(1170 3623 1220 3573)
4(1171 3673 1221 3623)
4(1172 3723 1222 3673)
4(1173 3773 1223 3723)
4(1174 3823 1224 3773)
4(1175 3873 1225 3823)
4(1176 3923 1226 3873)
4(1177 3973 1227 3923)
4(1178 4023 1228 3973)
4(1179 4073 1229 4023)
4(1180 4123 1230 4073)
4(1181 4173 1231 4123)
4(1182 4223 1232 4173)
4(1183 4273 1233 4223)
4(1184 4323 1234 4273)
4(1185 4373 1235 4323)
4(1186 4423 1236 4373)
4(1187 4473 1237 4423)
4(1188 4523 1238 4473)
4(1189 4573 1239 4523)
4(1190 4623 1240 4573)
4(1191 4673 1241 4623)
4(1192 4723 1242 4673)
4(1193 4773 1243 4723)
4(1194 4823 1244 4773)
4(1195 4873 1245 4823)
4(1196 4923 1246 4873)
4(1197 4973 1247 4923)
4(1198 5023 1248 4973)
4(1199 5073 1249 5023)
4(1200 2624 1250 2574)
4(1201 2674 1251 2624)
4(1202 2724 1252 2674)
4(1203 2774 1253 2724)
4(1204 2824 1254 2774)
4(1205 2874 1255 2824)
4(1206 2924 1256 2874)
4(1207 2974 1257 2924)
4(1208 3024 1258 2974)
4(1209 3074 1259 3024)
4(1210 3124 1260 3074)
4(1211 3174 1261 3124)
4(1212 3224 1262 3174)
4(1213 3274 1263 3224)
4(1214 3324 1264 3274)
4(1215 3374 1265 3324)
4(1216 3424 1266 3374)
4(1217 3474 1267 3424)
4(1218 3524 1268 3474)
4(1219 3574 1269 3524)
4(1220 3624 1270 3574)
4(1221 3674 1271 3624)
4(1222 3724 1272 3674)
4(1223 3774 1273 3724)
4(1224 3824 1274 3774)
4(1225 3874 1275 3824)
4(1226 3924 1276 3874)
4(1227 3974 1277 3924)
4(1228 4024 1278 3974)
4(1229 4074 1279 4024)
4(1230 4124 1280 4074)
4(1231 4174 1281 4124)
4(1232 4224 1282 4174)
4(1233 4274 1283 4224)
4(1234 4324 1284 4274)
4(1235 4374 1285 4324)
4(1236 4424 1286 4374)
4(1237 4474 1287 4424)
4(1238 4524 1288 4474)
4(1239 4574 1289 4524)
4(1240 4624 1290 4574)
4(1241 4674 1291 4624)
4(1242 4724 1292 4674)
4(1243 4774 1293 4724)
4(1244 4824 1294 4774)
4(1245 4874 1295 4824)
4(1246 4924 1296 4874)
4(1247 4974 1297 4924)
4(1248 5024 1298 4974)
4(1249 5074 1299 5024)
4(1250 2625 1300 2575)
4(1251 2675 1301 2625)
4(1252 2725 1302 2675)
4(1253 2775 1303 2725)
4(1254 2825 1304 2775)
4(1255 2875 1305 2825)
4(1256 2925 1306 2875)
4(1257 2975 1307 2925)
4(1258 3025 1308 2975)
4(1259 3075 1309 3025)
4(1260 3125 1310 3075)
4(1261 3175 1311 3125)
4(1262 3225 1312 3175)
4(1263 3275 1313 3225)
4(1264 3325 1314 3275)
4(1265 3375 1315 3325)
4(1266 3425 1316 3375)
4(1267 3475 1317 3425)
4(1268 3525 1318 3475)
4(1269 3575 1319 3525)
4(1270 3625 1320 3575)
4(1271 3675 1321 3625)
4(1272 3725 1322 3675)
4(1273 3775 1323 3725)
4(1274 3825 1324 3775)
4(1275 3875 1325 3825)
4(1276 3925 1326 3875)
4(1277 3975 1327 3925)
4(1278 4025 1328 3975)
4(1279 4075 1329 4025)
4(1280 4125 1330 4075)
4(1281 4175 1331 4125)
4(1282 4225 1332 4175)
4(1283 4275 1333 4225)
4(1284 4325 1334 4275)
4(1285 4375 1335 4325)
4(1286 4425 1336 4375)
4(1287 4475 1337 4425)
4(1288 4525 1338 4475)
4(1289 4575 1339 4525)
4(1290 4625 1340 4575)
4(1291 4675 1341 4625)
4(1292 4725 1342 4675)
4(1293 4775 1343 4725)
4(1294 4825 1344 4775)
4(1295 4875 1345 4825)
4(1296 4925 1346 4875)
4(1297 4975 1347 4925)
4(1298 5025 1348 4975)
4(1299 5075 1349 5025)
4(1300 2626 1350 2576)
4(1301 2676 1351 2626)
4(1302 2726 1352 2676)
4(1303 2776 1353 2726)
4(1304 2826 1354 2776)
4(1305 2876 1355 2826)
4(1306 2926 1356 2876)
4(1307 2976 1357 2926)
4(1308 3026 1358 2976)
4(1309 3076 1359 3026)
4(1310 3126 1360 3076)
4(1311 3176 1361 3126)
4(1312 3226 1362 3176)
4(1313 3276 1363 3226)
4(1314 3326 1364 3276)
4(1315 3376 1365 3326)
4(1316 3426 1366 3376)
4(1317 3476 1367 3426)
4(1318 3526 1368 3476)
4(1319 3576 1369 3526)
4(1320 3626 1370 3576)
4(1321 3676 1371 3626)
4(1322 3726 1372 3676)
4(1323 3776 1373 3726)
4(1324 3826 1374 3776)
4(1325 3876 1375 3826)
4(1326 3926 1376 3876)
4(1327 3976 1377 3926)
4(1328 4026 1378 3976)
4(1329 4076 1379 4026)
4(1330 4126 1380 4076)
4(1331 4176 1381 4126)
4(1332 4226 1382 4176)
4(1333 4276 1383 4226)
4(1334 4326 1384 4276)
4(1335 4376 1385 4326)
4(1336 4426 1386 4376)
4(1337 4476 1387 4426)
4(1338 4526 1388 4476)
4(1339 4576 1389 4526)
4(1340 4626 1390 4576)
4(1341 4676 1391 4626)
4(1342 4726 1392 4676)
4(1343 4776 1393 4726)
4(1344 4826 1394 4776)
4(1345 4876 1395 4826)
4(1346 4926 1396 4876)
4(1347 4976 1397 4926)
4(1348 5026 1398 4976)
4(1349 5076 1399 5026)
4(1350 2627 1400 2577)
4(1351 2677 1401 2627)
4(1352 2727 1402 2677)
4(1353 2777 1403 2727)
4(1354 2827 1404 2777)
4(1355 2877 1405 2827)
4(1356 2927 1406 2877)
4(1357 2977 1407 2927)
4(1358 3027 1408 2977)
4(1359 3077 1409 3027)
4(1360 3127 1410 3077)
4(1361 3177 1411 3127)
4(1362 3227 1412 3177)
4(1363 3277 1413 3227)
4(1364 3327 1414 3277)
4(1365 3377 1415 3327)
4(1366 3427 1416 3377)
4(1367 3477 1417 3427)
4(1368 3527 1418 3477)
4(1369 3577 1419 3527)
4(1370 3627 1420 3577)
4(1371 3677 1421 3627)
4(1372 3727 1422 3677)
4(1373 3777 1423 3727)
4(1374 3827 1424 3777)
4(1375 3877 1425 3827)
4(1376 3927 1426 3877)
4(1377 3977 1427 3927)
4(1378 4027 1428 3977)
4(1379 4077 1429 4027)
4(1380 4127 1430 4077)
4(1381 4177 1431 4127)
4(1382 4227 1432 4177)
4(1383 4277 1433 4227)
4(1384 4327 1434 4277)
4(1385 4377 1435 4327)
4(1386 4427 1436 4377)
4(1387 4477 1437 4427)
4(1388 4527 1438 4477)
4(1389 4577 1439 4527)
4(1390 4627 1440 4577)
4(1391 4677 1441 4627)
4(1392 4727 1442 4677)
4(1393 4777 1443 4727)
4(1394 4827 1444 4777)
4(1395 4877 1445 4827)
4(1396 4927 1446 4877)
4(1397 4977 1447 4927)
4(1398 5027 1448 4977)
4(1399 5077 1449 5027)
4(1400 2628 1450 2578)
4(1401 2678 1451 2628)
4(1402 2728 1452 2678)
4(1403 2778 1453 2728)
4(1404 2828 1454 2778)
4(1405 2878 1455 2828)
4(1406 2928 1456 2878)
4(1407 2978 1457 2928)
4(1408 3028 1458 2978)
4(1409 3078 1459 3028)
4(1410 3128 1460 3078)
4(1411 3178 1461 3128)
4(1412 3228 1462 3178)
4(1413 3278 1463 3228)
4(1414 3328 1464 3278)
4(1415 3378 1465 3328)
4(1416 3428 1466 3378)
4(1417 3478 1467 3428)
4(1418 3528 1468 3478)
4(1419 3578 1469 3528)
4(1420 3628 1470 3578)
4(1421 3678 1471 3628)
4(1422 3728 1472 3678)
4(1423 3778 1473 3728)
4(1424 3828 1474 3778)
4(1425 3878 1475 3828)
4(1426 3928 1476 3878)
4(1427 3978 1477 3928)
4(1428 4028 1478 3978)
4(1429 4078 1479 4028)
4(1430 4128 1480 4078)
4(1431 4178 1481 4128)
4(1432 4228 1482 4178)
4(1433 4278 1483 4228)
4(1434 4328 1484 4278)
4(1435 4378 1485 4328)
4(1436 4428 1486 4378)
4(1437 4478 1487 4428)
4(1438 4528 1488 4478)
4(1439 4578 1489 4528)
4(1440 4628 1490 4578)
4(1441 4678 1491 4628)
4(1442 4728 1492 4678)
4(1443 4778 1493 4728)
4(1444 4828 1494 4778)
4(1445 4878 1495 4828)
4(1446 4928 1496 4878)
4(1447 4978 1497 4928)
4(1448 5028 1498 4978)
4(1449 5078 1499 5028)
4(1450 2629 1500 2579)
4(1451 2679 1501 2629)
4(1452 2729 1502 2679)
4(1453 2779 1503 2729)
4(1454 2829 1504 2779)
4(1455 2879 1505 2829)
4(1456 2929 1506 2879)
4(1457 2979 1507 2929)
4(1458 3029 1508 2979)
4(1459 3079 1509 3029)
4(1460 3129 1510 3079)
4(1461 3179 1511 3129)
4(1462 3229 1512 3179)
4(1463 3279 1513 3229)
4(1464 3329 1514 3279)
4(1465 3379 1515 3329)
4(1466 3429 1516 3379)
4(1467 3479 1517 3429)
4(1468 3529 1518 3479)
4(1469 3579 1519 3529)
4(1470 3629 1520 3579)
4(1471 3679 1521 3629)
4(1472 3729 1522 3679)
4(1473 3779 1523 3729)
4(1474 3829 1524 3779)
4(1475 3879 1525 3829)
4(1476 3929 1526 3879)
4(1477 3979 1527 3929)
4(1478 4029 1528 3979)
4(1479 4079 1529 4029)
4(1480 4129 1530 4079)
4(1481 4179 1531 4129)
4(1482 4229 1532 4179)
4(1483 4279 1533 4229)
4(1484 4329 1534 4279)
4(1485 4379 1535 4329)
4(1486 4429 1536 4379)
4(1487 4479 1537 4429)
4(1488 4529 1538 4479)
4(1489 4579 1539 4529)
4(1490 4629 1540 4579)
4(1491 4679 1541 4629)
4(1492 4729 1542 4679)
4(1493 4779 1543 4729)
4(1494 4829 1544 4779)
4(1495 4879 1545 4829)
4(1496 4929 1546 4879)
4(1497 4979 1547 4929)
4(1498 5029 1548 4979)
4(1499 5079 1549 5029)
4(1500 2630 1550 2580)
4(1501 2680 1551 2630)
4(1502 2730 1552 2680)
4(1503 2780 1553 2730)
4(1504 2830 1554 2780)
4(1505 2880 1555 2830)
4(1506 2930 1556 2880)
4(1507 2980 1557 2930)
4(1508 3030 1558 2980)
4(1509 3080 1559 3030)
4(1510 3130 1560 3080)
4(1511 3180 1561 3130)
4(1512 3230 1562 3180)
4(1513 3280 1563 3230)
4(1514 3330 1564 3280)
4(1515 3380 1565 3330)
4(1516 3430 1566 3380)
4(1517 3480 1567 3430)
4(1518 3530 1568 3480)
4(1519 3580 1569 3530)
4(1520 3630 1570 3580)
4(1521 3680 1571 3630)
4(1522 3730 1572 3680)
4(1523 3780 1573 3730)
4(1524 3830 1574 3780)
4(1525 3880 1575 3830)
4(1526 3930 1576 3880)
4(1527 3980 1577 3930)
4(1528 4030 1578 3980)
4(1529 4080 1579 4030)
4(1530 4130 1580 4080)
4(1531 4180 1581 4130)
4(1532 4230 1582 4180)
4(1533 4280 1583 4230)
4(1534 4330 1584 4280)
4(1535 4380 1585 4330)
4(1536 4430 1586 4380)
4(1537 4480 1587 4430)
4(1538 4530 1588 4480)
4(1539 4580 1589 4530)
4(1540 4630 1590 4580)
4(1541 4680 1591 4630)
4(1542 4730 1592 4680)
4(1543 4780 1593 4730)
4(1544 4830 1594 4780)
4(1545 4880 1595 4830)
4(1546 4930 1596 4880)
4(1547 4980 1597 4930)
4(1548 5030 1598 4980)
4(1549 5080 1599 5030)
4(1550 2631 1600 2581)
4(1551 2681 1601 2631)
4(1552 2731 1602 2681)
4(1553 2781 1603 2731)
4(1554 2831 1604 2781)
4(1555 2881 1605 2831)
4(1556 2931 1606 2881)
4(1557 2981 1607 2931)
4(1558 3031 1608 2981)
4(1559 3081 1609 3031)
4(1560 3131 1610 3081)
4(1561 3181 1611 3131)
4(1562 3231 1612 3181)
4(1563 3281 1613 3231)
4(1564 3331 1614 3281)
4(1565 3381 1615 3331)
4(1566 3431 1616 3381)
4(1567 3481 1617 3431)
4(1568 3531 1618 3481)
4(1569 3581 1619 3531)
4(1570 3631 1620 3581)
4(1571 3681 1621 3631)
4(1572 3731 1622 3681)
4(1573 3781 1623 3731)
4(1574 3831 1624 3781)
4(1575 3881 1625 3831)
4(1576 3931 1626 3881)
4(1577 3981 1627 3931)
4(1578 4031 1628 3981)
4(1579 4081 1629 4031)
4(1580 4131 1630 4081)
4(1581 4181 1631 4131)
4(1582 4231 1632 4181)
4(1583 4281 1633 4231)
4(1584 4331 1634 4281)
4(1585 4381 1635 4331)
4(1586 4431 1636 4381)
4(1587 4481 1637 4431)
4(1588 4531 1638 4481)
4(1589 4581 1639 4531)
4(1590 4631 1640 4581)
4(1591 4681 1641 4631)
4(1592 4731 1642 4681)
4(1593 4781 1643 4731)
4(1594 4831 1644 4781)
4(1595 4881 1645 4831)
4(1596 4931 1646 4881)
4(1597 4981 1647 4931)
4(1598 5031 1648 4981)
4(1599 5081 1649 5031)
4(1600 2632 1650 2582)
4(1601 2682 1651 2632)
4(1602 2732 1652 2682)
4(1603 2782 1653 2732)
4(1604 2832 1654 2782)
4(1605 2882 1655 2832)
4(1606 2932 1656 2882)
4(1607 2982 1657 2932)
4(1608 3032 1658 2982)
4(1609 3082 1659 3032)
4(1610 3132 1660 3082)
4(1611 3182 1661 3132)
4(1612 3232 1662 3182)
4(1613 3282 1663 3232)
4(1614 3332 1664 3282)
4(1615 3382 1665 3332)
4(1616 3432 1666 3382)
4(1617 3482 1667 3432)
4(1618 3532 1668 3482)
4(1619 3582 1669 3532)
4(1620 3632 1670 3582)
4(1621 3682 1671 3632)
4(1622 3732 1672 3682)
4(1623 3782 1673 3732)
4(1624 3832 1674 3782)
4(1625 3882 1675 3832)
4(1626 3932 1676 3882)
4(1627 3982 1677 3932)
4(1628 4032 1678 3982)
4(1629 4082 1679 4032)
4(1630 4132 1680 4082)
4(1631 4182 1681 4132)
4(1632 4232 1682 4182)
4(1633 4282 1683 4232)
4(1634 4332 1684 4282)
4(1635 4382 1685 4332)
4(1636 4432 1686 4382)
4(1637 4482 1687 4432)
4(1638 4532 1688 4482)
4(1639 4582 1689 4532)
4(1640 4632 1690 4582)
4(1641 4682 1691 4632)
4(1642 4732 1692 4682)
4(1643 4782 1693 4732)
4(1644 4832 1694 4782)
4(1645 4882 1695 4832)
4(1646 4932 1696 4882)
4(1647 4982 1697 4932)
4(1648 5032 1698 4982)
4(1649 5082 1699 5032)
4(1650 2633 1700 2583)
4(1651 2683 1701 2633)
4(1652 2733 1702 2683)
4(1653 2783 1703 2733)
4(1654 2833 1704 2783)
4(1655 2883 1705 2833)
4(1656 2933 1706 2883)
4(1657 2983 1707 2933)
4(1658 3033 1708 2983)
4(1659 3083 1709 3033)
4(1660 3133 1710 3083)
4(1661 3183 1711 3133)
4(1662 3233 1712 3183)
4(1663 3283 1713 3233)
4(1664 3333 1714 3283)
4(1665 3383 1715 3333)
4(1666 3433 1716 3383)
4(1667 3483 1717 3433)
4(1668 3533 1718 3483)
4(1669 3583 1719 3533)
4(1670 3633 1720 3583)
4(1671 3683 1721 3633)
4(1672 3733 1722 3683)
4(1673 3783 1723 3733)
4(1674 3833 1724 3783)
4(1675 3883 1725 3833)
4(1676 3933 1726 3883)
4(1677 3983 1727 3933)
4(1678 4033 1728 3983)
4(1679 4083 1729 4033)
4(1680 4133 1730 4083)
4(1681 4183 1731 4133)
4(1682 4233 1732 4183)
4(1683 4283 1733 4233)
4(1684 4333 1734 4283)
4(1685 4383 1735 4333)
4(1686 4433 1736 4383)
4(1687 4483 1737 4433)
4(1688 4533 1738 4483)
4(1689 4583 1739 4533)
4(1690 4633 1740 4583)
4(1691 4683 1741 4633)
4(1692 4733 1742 4683)
4(1693 4783 1743 4733)
4(1694 4833 1744 4783)
4(1695 4883 1745 4833)
4(1696 4933 1746 4883)
4(1697 4983 1747 4933)
4(1698 5033 1748 4983)
4(1699 5083 1749 5033)
4(1700 2634 1750 2584)
4(1701 2684 1751 2634)
4(1702 2734 1752 2684)
4(1703 2784 1753 2734)
4(1704 2834 1754 2784)
4(1705 2884 1755 2834)
4(1706 2934 1756 2884)
4(1707 2984 1757 2934)
4(1708 3034 1758 2984)
4(1709 3084 1759 3034)
4(1710 3134 1760 3084)
4(1711 3184 1761 3134)
4(1712 3234 1762 3184)
4(1713 3284 1763 3234)
4(1714 3334 1764 3284)
4(1715 3384 1765 3334)
4(1716 3434 1766 3384)
4(1717 3484 1767 3434)
4(1718 3534 1768 3484)
4(1719 3584 1769 3534)
4(1720 3634 1770 3584)
4(1721 3684 1771 3634)
4(1722 3734 1772 3684)
4(1723 3784 1773 3734)
4(1724 3834 1774 3784)
4(1725 3884 1775 3834)
4(1726 3934 1776 3884)
4(1727 3984 1777 3934)
4(1728 4034 1778 3984)
4(1729 4084 1779 4034)
4(1730 4134 1780 4084)
4(1731 4184 1781 4134)
4(1732 4234 1782 4184)
4(1733 4284 1783 4234)
4(1734 4334 1784 4284)
4(1735 4384 1785 4334)
4(1736 4434 1786 4384)
4(1737 4484 1787 4434)
4(1738 4534 1788 4484)
4(1739 4584 1789 4534)
4(1740 4634 1790 4584)
4(1741 4684 1791 4634)
4(1742 4734 1792 4684)
4(1743 4784 1793 4734)
4(1744 4834 1794 4784)
4(1745 4884 1795 4834)
4(1746 4934 1796 4884)
4(1747 4984 1797 4934)
4(1748 5034 1798 4984)
4(1749 5084 1799 5034)
4(1750 2635 1800 2585)
4(1751 2685 1801 2635)
4(1752 2735 1802 2685)
4(1753 2785 1803 2735)
4(1754 2835 1804 2785)
4(1755 2885 1805 2835)
4(1756 2935 1806 2885)
4(1757 2985 1807 2935)
4(1758 3035 1808 2985)
4(1759 3085 1809 3035)
4(1760 3135 1810 3085)
4(1761 3185 1811 3135)
4(1762 3235 1812 3185)
4(1763 3285 1813 3235)
4(1764 3335 1814 3285)
4(1765 3385 1815 3335)
4(1766 3435 1816 3385)
4(1767 3485 1817 3435)
4(1768 3535 1818 3485)
4(1769 3585 1819 3535)
4(1770 3635 1820 3585)
4(1771 3685 1821 3635)
4(1772 3735 1822 3685)
4(1773 3785 1823 3735)
4(1774 3835 1824 3785)
4(1775 3885 1825 3835)
4(1776 3935 1826 3885)
4(1777 3985 1827 3935)
4(1778 4035 1828 3985)
4(1779 4085 1829 4035)
4(1780 4135 1830 4085)
4(1781 4185 1831 4135)
4(1782 4235 1832 4185)
4(1783 4285 1833 4235)
4(1784 4335 1834 4285)
4(1785 4385 1835 4335)
4(1786 4435 1836 4385)
4(1787 4485 1837 4435)
4(1788 4535 1838 4485)
4(1789 4585 1839 4535)
4(1790 4635 1840 4585)
4(1791 4685 1841 4635)
4(1792 4735 1842 4685)
4(1793 4785 1843 4735)
4(1794 4835 1844 4785)
4(1795 4885 1845 4835)
4(1796 4935 1846 4885)
4(1797 4985 1847 4935)
4(1798 5035 1848 4985)
4(1799 5085 1849 5035)
4(1800 2636 1850 2586)
4(1801 2686 1851 2636)
4(1802 2736 1852 2686)
4(1803 2786 1853 2736)
4(1804 2836 1854 2786)
4(1805 2886 1855 2836)
4(1806 2936 1856 2886)
4(1807 2986 1857 2936)
4(1808 3036 1858 2986)
4(1809 3086 1859 3036)
4(1810 3136 1860 3086)
4(1811 3186 1861 3136)
4(1812 3236 1862 3186)
4(1813 3286 1863 3236)
4(1814 3336 1864 3286)
4(1815 3386 1865 3336)
4(1816 3436 1866 3386)
4(1817 3486 1867 3436)
4(1818 3536 1868 3486)
4(1819 3586 1869 3536)
4(1820 3636 1870 3586)
4(1821 3686 1871 3636)
4(1822 3736 1872 3686)
4(1823 3786 1873 3736)
4(1824 3836 1874 3786)
4(1825 3886 1875 3836)
4(1826 3936 1876 3886)
4(1827 3986 1877 3936)
4(1828 4036 1878 3986)
4(1829 4086 1879 4036)
4(1830 4136 1880 4086)
4(1831 4186 1881 4136)
4(1832 4236 1882 4186)
4(1833 4286 1883 4236)
4(1834 4336 1884 4286)
4(1835 4386 1885 4336)
4(1836 4436 1886 4386)
4(1837 4486 1887 4436)
4(1838 4536 1888 4486)
4(1839 4586 1889 4536)
4(1840 4636 1890 4586)
4(1841 4686 1891 4636)
4(1842 4736 1892 4686)
4(1843 4786 1893 4736)
4(1844 4836 1894 4786)
4(1845 4886 1895 4836)
4(1846 4936 1896 4886)
4(1847 4986 1897 4936)
4(1848 5036 1898 4986)
4(1849 5086 1899 5036)
4(1850 2637 1900 2587)
4(1851 2687 1901 2637)
4(1852 2737 1902 2687)
4(1853 2787 1903 2737)
4(1854 2837 1904 2787)
4(1855 2887 1905 2837)
4(1856 2937 1906 2887)
4(1857 2987 1907 2937)
4(1858 3037 1908 2987)
4(1859 3087 1909 3037)
4(1860 3137 1910 3087)
4(1861 3187 1911 3137)
4(1862 3237 1912 3187)
4(1863 3287 1913 3237)
4(1864 3337 1914 3287)
4(1865 3387 1915 3337)
4(1866 3437 1916 3387)
4(1867 3487 1917 3437)
4(1868 3537 1918 3487)
4(1869 3587 1919 3537)
4(1870 3637 1920 3587)
4(1871 3687 1921 3637)
4(1872 3737 1922 3687)
4(1873 3787 1923 3737)
4(1874 3837 1924 3787)
4(1875 3887 1925 3837)
4(1876 3937 1926 3887)
4(1877 3987 1927 3937)
4(1878 4037 1928 3987)
4(1879 4087 1929 4037)
4(1880 4137 1930 4087)
4(1881 4187 1931 4137)
4(1882 4237 1932 4187)
4(1883 4287 1933 4237)
4(1884 4337 1934 4287)
4(1885 4387 1935 4337)
4(1886 4437 1936 4387)
4(1887 4487 1937 4437)
4(1888 4537 1938 4487)
4(1889 4587 1939 4537)
4(1890 4637 1940 4587)
4(1891 4687 1941 4637)
4(1892 4737 1942 4687)
4(1893 4787 1943 4737)
4(1894 4837 1944 4787)
4(1895 4887 1945 4837)
4(1896 4937 1946 4887)
4(1897 4987 1947 4937)
4(1898 5037 1948 4987)
4(1899 5087 1949 5037)
4(1900 2638 1950 2588)
4(1901 2688 1951 2638)
4(1902 2738 1952 2688)
4(1903 2788 1953 2738)
4(1904 2838 1954 2788)
4(1905 2888 1955 2838)
4(1906 2938 1956 2888)
4(1907 2988 1957 2938)
4(1908 3038 1958 2988)
4(1909 3088 1959 3038)
4(1910 3138 1960 3088)
4(1911 3188 1961 3138)
4(1912 3238 1962 3188)
4(1913 3288 1963 3238)
4(1914 3338 1964 3288)
4(1915 3388 1965 3338)
4(1916 3438 1966 3388)
4(1917 3488 1967 3438)
4(1918 3538 1968 3488)
4(1919 3588 1969 3538)
4(1920 3638 1970 3588)
4(1921 3688 1971 3638)
4(1922 3738 1972 3688)
4(1923 3788 1973 3738)
4(1924 3838 1974 3788)
4(1925 3888 1975 3838)
4(1926 3938 1976 3888)
4(1927 3988 1977 3938)
4(1928 4038 1978 3988)
4(1929 4088 1979 4038)
4(1930 4138 1980 4088)
4(1931 4188 1981 4138)
4(1932 4238 1982 4188)
4(1933 4288 1983 4238)
4(1934 4338 1984 4288)
4(1935 4388 1985 4338)
4(1936 4438 1986 4388)
4(1937 4488 1987 4438)
4(1938 4538 1988 4488)
4(1939 4588 1989 4538)
4(1940 4638 1990 4588)
4(1941 4688 1991 4638)
4(1942 4738 1992 4688)
4(1943 4788 1993 4738)
4(1944 4838 1994 4788)
4(1945 4888 1995 4838)
4(1946 4938 1996 4888)
4(1947 4988 1997 4938)
4(1948 5038 1998 4988)
4(1949 5088 1999 5038)
4(1950 2639 2000 2589)
4(1951 2689 2001 2639)
4(1952 2739 2002 2689)
4(1953 2789 2003 2739)
4(1954 2839 2004 2789)
4(1955 2889 2005 2839)
4(1956 2939 2006 2889)
4(1957 2989 2007 2939)
4(1958 3039 2008 2989)
4(1959 3089 2009 3039)
4(1960 3139 2010 3089)
4(1961 3189 2011 3139)
4(1962 3239 2012 3189)
4(1963 3289 2013 3239)
4(1964 3339 2014 3289)
4(1965 3389 2015 3339)
4(1966 3439 2016 3389)
4(1967 3489 2017 3439)
4(1968 3539 2018 3489)
4(1969 3589 2019 3539)
4(1970 3639 2020 3589)
4(1971 3689 2021 3639)
4(1972 3739 2022 3689)
4(1973 3789 2023 3739)
4(1974 3839 2024 3789)
4(1975 3889 2025 3839)
4(1976 3939 2026 3889)
4(1977 3989 2027 3939)
4(1978 4039 2028 3989)
4(1979 4089 2029 4039)
4(1980 4139 2030 4089)
4(1981 4189 2031 4139)
4(1982 4239 2032 4189)
4(1983 4289 2033 4239)
4(1984 4339 2034 4289)
4(1985 4389 2035 4339)
4(1986 4439 2036 4389)
4(1987 4489 2037 4439)
4(1988 4539 2038 4489)
4(1989 4589 2039 4539)
4(1990 4639 2040 4589)
4(1991 4689 2041 4639)
4(1992 4739 2042 4689)
4(1993 4789 2043 4739)
4(1994 4839 2044 4789)
4(1995 4889 2045 4839)
4(1996 4939 2046 4889)
4(1997 4989 2047 4939)
4(1998 5039 2048 4989)
4(1999 5089 2049 5039)
4(2000 2640 2050 2590)
4(2001 2690 2051 2640)
4(2002 2740 2052 2690)
4(2003 2790 2053 2740)
4(2004 2840 2054 2790)
4(2005 2890 2055 2840)
4(2006 2940 2056 2890)
4(2007 2990 2057 2940)
4(2008 3040 2058 2990)
4(2009 3090 2059 3040)
4(2010 3140 2060 3090)
4(2011 3190 2061 3140)
4(2012 3240 2062 3190)
4(2013 3290 2063 3240)
4(2014 3340 2064 3290)
4(2015 3390 2065 3340)
4(2016 3440 2066 3390)
4(2017 3490 2067 3440)
4(2018 3540 2068 3490)
4(2019 3590 2069 3540)
4(2020 3640 2070 3590)
4(2021 3690 2071 3640)
4(2022 3740 2072 3690)
4(2023 3790 2073 3740)
4(2024 3840 2074 3790)
4(2025 3890 2075 3840)
4(2026 3940 2076 3890)
4(2027 3990 2077 3940)
4(2028 4040 2078 3990)
4(2029 4090 2079 4040)
4(2030 4140 2080 4090)
4(2031 4190 2081 4140)
4(2032 4240 2082 4190)
4(2033 4290 2083 4240)
4(2034 4340 2084 4290)
4(2035 4390 2085 4340)
4(2036 4440 2086 4390)
4(2037 4490 2087 4440)
4(2038 4540 2088 4490)
4(2039 4590 2089 4540)
4(2040 4640 2090 4590)
4(2041 4690 2091 4640)
4(2042 4740 2092 4690)
4(2043 4790 2093 4740)
4(2044 4840 2094 4790)
4(2045 4890 2095 4840)
4(2046 4940 2096 4890)
4(2047 4990 2097 4940)
4(2048 5040 2098 4990)
4(2049 5090 2099 5040)
4(2050 2641 2100 2591)
4(2051 2691 2101 2641)
4(2052 2741 2102 2691)
4(2053 2791 2103 2741)
4(2054 2841 2104 2791)
4(2055 2891 2105 2841)
4(2056 2941 2106 2891)
4(2057 2991 2107 2941)
4(2058 3041 2108 2991)
4(2059 3091 2109 3041)
4(2060 3141 2110 3091)
4(2061 3191 2111 3141)
4(2062 3241 2112 3191)
4(2063 3291 2113 3241)
4(2064 3341 2114 3291)
4(2065 3391 2115 3341)
4(2066 3441 2116 3391)
4(2067 3491 2117 3441)
4(2068 3541 2118 3491)
4(2069 3591 2119 3541)
4(2070 3641 2120 3591)
4(2071 3691 2121 3641)
4(2072 3741 2122 3691)
4(2073 3791 2123 3741)
4(2074 3841 2124 3791)
4(2075 3891 2125 3841)
4(2076 3941 2126 3891)
4(2077 3991 2127 3941)
4(2078 4041 2128 3991)
4(2079 4091 2129 4041)
4(2080 4141 2130 4091)
4(2081 4191 2131 4141)
4(2082 4241 2132 4191)
4(2083 4291 2133 4241)
4(2084 4341 2134 4291)
4(2085 4391 2135 4341)
4(2086 4441 2136 4391)
4(2087 4491 2137 4441)
4(2088 4541 2138 4491)
4(2089 4591 2139 4541)
4(2090 4641 2140 4591)
4(2091 4691 2141 4641)
4(2092 4741 2142 4691)
4(2093 4791 2143 4741)
4(2094 4841 2144 4791)
4(2095 4891 2145 4841)
4(2096 4941 2146 4891)
4(2097 4991 2147 4941)
4(2098 5041 2148 4991)
4(2099 5091 2149 5041)
4(2100 2642 2150 2592)
4(2101 2692 2151 2642)
4(2102 2742 2152 2692)
4(2103 2792 2153 2742)
4(2104 2842 2154 2792)
4(2105 2892 2155 2842)
4(2106 2942 2156 2892)
4(2107 2992 2157 2942)
4(2108 3042 2158 2992)
4(2109 3092 2159 3042)
4(2110 3142 2160 3092)
4(2111 3192 2161 3142)
4(2112 3242 2162 3192)
4(2113 3292 2163 3242)
4(2114 3342 2164 3292)
4(2115 3392 2165 3342)
4(2116 3442 2166 3392)
4(2117 3492 2167 3442)
4(2118 3542 2168 3492)
4(2119 3592 2169 3542)
4(2120 3642 2170 3592)
4(2121 3692 2171 3642)
4(2122 3742 2172 3692)
4(2123 3792 2173 3742)
4(2124 3842 2174 3792)
4(2125 3892 2175 3842)
4(2126 3942 2176 3892)
4(2127 3992 2177 3942)
4(2128 4042 2178 3992)
4(2129 4092 2179 4042)
4(2130 4142 2180 4092)
4(2131 4192 2181 4142)
4(2132 4242 2182 4192)
4(2133 4292 2183 4242)
4(2134 4342 2184 4292)
4(2135 4392 2185 4342)
4(2136 4442 2186 4392)
4(2137 4492 2187 4442)
4(2138 4542 2188 4492)
4(2139 4592 2189 4542)
4(2140 4642 2190 4592)
4(2141 4692 2191 4642)
4(2142 4742 2192 4692)
4(2143 4792 2193 4742)
4(2144 4842 2194 4792)
4(2145 4892 2195 4842)
4(2146 4942 2196 4892)
4(2147 4992 2197 4942)
4(2148 5042 2198 4992)
4(2149 5092 2199 5042)
4(2150 2643 2200 2593)
4(2151 2693 2201 2643)
4(2152 2743 2202 2693)
4(2153 2793 2203 2743)
4(2154 2843 2204 2793)
4(2155 2893 2205 2843)
4(2156 2943 2206 2893)
4(2157 2993 2207 2943)
4(2158 3043 2208 2993)
4(2159 3093 2209 3043)
4(2160 3143 2210 3093)
4(2161 3193 2211 3143)
4(2162 3243 2212 3193)
4(2163 3293 2213 3243)
4(2164 3343 2214 3293)
4(2165 3393 2215 3343)
4(2166 3443 2216 3393)
4(2167 3493 2217 3443)
4(2168 3543 2218 3493)
4(2169 3593 2219 3543)
4(2170 3643 2220 3593)
4(2171 3693 2221 3643)
4(2172 3743 2222 3693)
4(2173 3793 2223 3743)
4(2174 3843 2224 3793)
4(2175 3893 2225 3843)
4(2176 3943 2226 3893)
4(2177 3993 2227 3943)
4(2178 4043 2228 3993)
4(2179 4093 2229 4043)
4(2180 4143 2230 4093)
4(2181 4193 2231 4143)
4(2182 4243 2232 4193)
4(2183 4293 2233 4243)
4(2184 4343 2234 4293)
4(2185 4393 2235 4343)
4(2186 4443 2236 4393)
4(2187 4493 2237 4443)
4(2188 4543 2238 4493)
4(2189 4593 2239 4543)
4(2190 4643 2240 4593)
4(2191 4693 2241 4643)
4(2192 4743 2242 4693)
4(2193 4793 2243 4743)
4(2194 4843 2244 4793)
4(2195 4893 2245 4843)
4(2196 4943 2246 4893)
4(2197 4993 2247 4943)
4(2198 5043 2248 4993)
4(2199 5093 2249 5043)
4(2200 2644 2250 2594)
4(2201 2694 2251 2644)
4(2202 2744 2252 2694)
4(2203 2794 2253 2744)
4(2204 2844 2254 2794)
4(2205 2894 2255 2844)
4(2206 2944 2256 2894)
4(2207 2994 2257 2944)
4(2208 3044 2258 2994)
4(2209 3094 2259 3044)
4(2210 3144 2260 3094)
4(2211 3194 2261 3144)
4(2212 3244 2262 3194)
4(2213 3294 2263 3244)
4(2214 3344 2264 3294)
4(2215 3394 2265 3344)
4(2216 3444 2266 3394)
4(2217 3494 2267 3444)
4(2218 3544 2268 3494)
4(2219 3594 2269 3544)
4(2220 3644 2270 3594)
4(2221 3694 2271 3644)
4(2222 3744 2272 3694)
4(2223 3794 2273 3744)
4(2224 3844 2274 3794)
4(2225 3894 2275 3844)
4(2226 3944 2276 3894)
4(2227 3994 2277 3944)
4(2228 4044 2278 3994)
4(2229 4094 2279 4044)
4(2230 4144 2280 4094)
4(2231 4194 2281 4144)
4(2232 4244 2282 4194)
4(2233 4294 2283 4244)
4(2234 4344 2284 4294)
4(2235 4394 2285 4344)
4(2236 4444 2286 4394)
4(2237 4494 2287 4444)
4(2238 4544 2288 4494)
4(2239 4594 2289 4544)
4(2240 4644 2290 4594)
4(2241 4694 2291 4644)
4(2242 4744 2292 4694)
4(2243 4794 2293 4744)
4(2244 4844 2294 4794)
4(2245 4894 2295 4844)
4(2246 4944 2296 4894)
4(2247 4994 2297 4944)
4(2248 5044 2298 4994)
4(2249 5094 2299 5044)
4(2250 2645 2300 2595)
4(2251 2695 2301 2645)
4(2252 2745 2302 2695)
4(2253 2795 2303 2745)
4(2254 2845 2304 2795)
4(2255 2895 2305 2845)
4(2256 2945 2306 2895)
4(2257 2995 2307 2945)
4(2258 3045 2308 2995)
4(2259 3095 2309 3045)
4(2260 3145 2310 3095)
4(2261 3195 2311 3145)
4(2262 3245 2312 3195)
4(2263 3295 2313 3245)
4(2264 3345 2314 3295)
4(2265 3395 2315 3345)
4(2266 3445 2316 3395)
4(2267 3495 2317 3445)
4(2268 3545 2318 3495)
4(2269 3595 2319 3545)
4(2270 3645 2320 3595)
4(2271 3695 2321 3645)
4(2272 3745 2322 3695)
4(2273 3795 2323 3745)
4(2274 3845 2324 3795)
4(2275 3895 2325 3845)
4(2276 3945 2326 3895)
4(2277 3995 2327 3945)
4(2278 4045 2328 3995)
4(2279 4095 2329 4045)
4(2280 4145 2330 4095)
4(2281 4195 2331 4145)
4(2282 4245 2332 4195)
4(2283 4295 2333 4245)
4(2284 4345 2334 4295)
4(2285 4395 2335 4345)
4(2286 4445 2336 4395)
4(2287 4495 2337 4445)
4(2288 4545 2338 4495)
4(2289 4595 2339 4545)
4(2290 4645 2340 4595)
4(2291 4695 2341 4645)
4(2292 4745 2342 4695)
4(2293 4795 2343 4745)
4(2294 4845 2344 4795)
4(2295 4895 2345 4845)
4(2296 4945 2346 4895)
4(2297 4995 2347 4945)
4(2298 5045 2348 4995)
4(2299 5095 2349 5045)
4(2300 2646 2350 2596)
4(2301 2696 2351 2646)
4(2302 2746 2352 2696)
4(2303 2796 2353 2746)
4(2304 2846 2354 2796)
4(2305 2896 2355 2846)
4(2306 2946 2356 2896)
4(2307 2996 2357 2946)
4(2308 3046 2358 2996)
4(2309 3096 2359 3046)
4(2310 3146 2360 3096)
4(2311 3196 2361 3146)
4(2312 3246 2362 3196)
4(2313 3296 2363 3246)
4(2314 3346 2364 3296)
4(2315 3396 2365 3346)
4(2316 3446 2366 3396)
4(2317 3496 2367 3446)
4(2318 3546 2368 3496)
4(2319 3596 2369 3546)
4(2320 3646 2370 3596)
4(2321 3696 2371 3646)
4(2322 3746 2372 3696)
4(2323 3796 2373 3746)
4(2324 3846 2374 3796)
4(2325 3896 2375 3846)
4(2326 3946 2376 3896)
4(2327 3996 2377 3946)
4(2328 4046 2378 3996)
4(2329 4096 2379 4046)
4(2330 4146 2380 4096)
4(2331 4196 2381 4146)
4(2332 4246 2382 4196)
4(2333 4296 2383 4246)
4(2334 4346 2384 4296)
4(2335 4396 2385 4346)
4(2336 4446 2386 4396)
4(2337 4496 2387 4446)
4(2338 4546 2388 4496)
4(2339 4596 2389 4546)
4(2340 4646 2390 4596)
4(2341 4696 2391 4646)
4(2342 4746 2392 4696)
4(2343 4796 2393 4746)
4(2344 4846 2394 4796)
4(2345 4896 2395 4846)
4(2346 4946 2396 4896)
4(2347 4996 2397 4946)
4(2348 5046 2398 4996)
4(2349 5096 2399 5046)
4(2350 2647 2400 2597)
4(2351 2697 2401 2647)
4(2352 2747 2402 2697)
4(2353 2797 2403 2747)
4(2354 2847 2404 2797)
4(2355 2897 2405 2847)
4(2356 2947 2406 2897)
4(2357 2997 2407 2947)
4(2358 3047 2408 2997)
4(2359 3097 2409 3047)
4(2360 3147 2410 3097)
4(2361 3197 2411 3147)
4(2362 3247 2412 3197)
4(2363 3297 2413 3247)
4(2364 3347 2414 3297)
4(2365 3397 2415 3347)
4(2366 3447 2416 3397)
4(2367 3497 2417 3447)
4(2368 3547 2418 3497)
4(2369 3597 2419 3547)
4(2370 3647 2420 3597)
4(2371 3697 2421 3647)
4(2372 3747 2422 3697)
4(2373 3797 2423 3747)
4(2374 3847 2424 3797)
4(2375 3897 2425 3847)
4(2376 3947 2426 3897)
4(2377 3997 2427 3947)
4(2378 4047 2428 3997)
4(2379 4097 2429 4047)
4(2380 4147 2430 4097)
4(2381 4197 2431 4147)
4(2382 4247 2432 4197)
4(2383 4297 2433 4247)
4(2384 4347 2434 4297)
4(2385 4397 2435 4347)
4(2386 4447 2436 4397)
4(2387 4497 2437 4447)
4(2388 4547 2438 4497)
4(2389 4597 2439 4547)
4(2390 4647 2440 4597)
4(2391 4697 2441 4647)
4(2392 4747 2442 4697)
4(2393 4797 2443 4747)
4(2394 4847 2444 4797)
4(2395 4897 2445 4847)
4(2396 4947 2446 4897)
4(2397 4997 2447 4947)
4(2398 5047 2448 4997)
4(2399 5097 2449 5047)
4(2400 2648 2450 2598)
4(2401 2698 2451 2648)
4(2402 2748 2452 2698)
4(2403 2798 2453 2748)
4(2404 2848 2454 2798)
4(2405 2898 2455 2848)
4(2406 2948 2456 2898)
4(2407 2998 2457 2948)
4(2408 3048 2458 2998)
4(2409 3098 2459 3048)
4(2410 3148 2460 3098)
4(2411 3198 2461 3148)
4(2412 3248 2462 3198)
4(2413 3298 2463 3248)
4(2414 3348 2464 3298)
4(2415 3398 2465 3348)
4(2416 3448 2466 3398)
4(2417 3498 2467 3448)
4(2418 3548 2468 3498)
4(2419 3598 2469 3548)
4(2420 3648 2470 3598)
4(2421 3698 2471 3648)
4(2422 3748 2472 3698)
4(2423 3798 2473 3748)
4(2424 3848 2474 3798)
4(2425 3898 2475 3848)
4(2426 3948 2476 3898)
4(2427 3998 2477 3948)
4(2428 4048 2478 3998)
4(2429 4098 2479 4048)
4(2430 4148 2480 4098)
4(2431 4198 2481 4148)
4(2432 4248 2482 4198)
4(2433 4298 2483 4248)
4(2434 4348 2484 4298)
4(2435 4398 2485 4348)
4(2436 4448 2486 4398)
4(2437 4498 2487 4448)
4(2438 4548 2488 4498)
4(2439 4598 2489 4548)
4(2440 4648 2490 4598)
4(2441 4698 2491 4648)
4(2442 4748 2492 4698)
4(2443 4798 2493 4748)
4(2444 4848 2494 4798)
4(2445 4898 2495 4848)
4(2446 4948 2496 4898)
4(2447 4998 2497 4948)
4(2448 5048 2498 4998)
4(2449 5098 2499 5048)
4(2450 2649 2500 2599)
4(2451 2699 2501 2649)
4(2452 2749 2502 2699)
4(2453 2799 2503 2749)
4(2454 2849 2504 2799)
4(2455 2899 2505 2849)
4(2456 2949 2506 2899)
4(2457 2999 2507 2949)
4(2458 3049 2508 2999)
4(2459 3099 2509 3049)
4(2460 3149 2510 3099)
4(2461 3199 2511 3149)
4(2462 3249 2512 3199)
4(2463 3299 2513 3249)
4(2464 3349 2514 3299)
4(2465 3399 2515 3349)
4(2466 3449 2516 3399)
4(2467 3499 2517 3449)
4(2468 3549 2518 3499)
4(2469 3599 2519 3549)
4(2470 3649 2520 3599)
4(2471 3699 2521 3649)
4(2472 3749 2522 3699)
4(2473 3799 2523 3749)
4(2474 3849 2524 3799)
4(2475 3899 2525 3849)
4(2476 3949 2526 3899)
4(2477 3999 2527 3949)
4(2478 4049 2528 3999)
4(2479 4099 2529 4049)
4(2480 4149 2530 4099)
4(2481 4199 2531 4149)
4(2482 4249 2532 4199)
4(2483 4299 2533 4249)
4(2484 4349 2534 4299)
4(2485 4399 2535 4349)
4(2486 4449 2536 4399)
4(2487 4499 2537 4449)
4(2488 4549 2538 4499)
4(2489 4599 2539 4549)
4(2490 4649 2540 4599)
4(2491 4699 2541 4649)
4(2492 4749 2542 4699)
4(2493 4799 2543 4749)
4(2494 4849 2544 4799)
4(2495 4899 2545 4849)
4(2496 4949 2546 4899)
4(2497 4999 2547 4949)
4(2498 5049 2548 4999)
4(2499 5099 2549 5049)
)
