5100
(
2(0 1)
2(1 2)
2(2 3)
2(3 4)
2(4 5)
2(5 6)
2(6 7)
2(7 8)
2(8 9)
2(9 10)
2(10 11)
2(11 12)
2(12 13)
2(13 14)
2(14 15)
2(15 16)
2(16 17)
2(17 18)
2(18 19)
2(19 20)
2(20 21)
2(21 22)
2(22 23)
2(23 24)
2(24 25)
2(25 26)
2(26 27)
2(27 28)
2(28 29)
2(29 30)
2(30 31)
2(31 32)
2(32 33)
2(33 34)
2(34 35)
2(35 36)
2(36 37)
2(37 38)
2(38 39)
2(39 40)
2(40 41)
2(41 42)
2(42 43)
2(43 44)
2(44 45)
2(45 46)
2(46 47)
2(47 48)
2(48 49)
2(49 50)
2(51 52)
2(52 53)
2(53 54)
2(54 55)
2(55 56)
2(56 57)
2(57 58)
2(58 59)
2(59 60)
2(60 61)
2(61 62)
2(62 63)
2(63 64)
2(64 65)
2(65 66)
2(66 67)
2(67 68)
2(68 69)
2(69 70)
2(70 71)
2(71 72)
2(72 73)
2(73 74)
2(74 75)
2(75 76)
2(76 77)
2(77 78)
2(78 79)
2(79 80)
2(80 81)
2(81 82)
2(82 83)
2(83 84)
2(84 85)
2(85 86)
2(86 87)
2(87 88)
2(88 89)
2(89 90)
2(90 91)
2(91 92)
2(92 93)
2(93 94)
2(94 95)
2(95 96)
2(96 97)
2(97 98)
2(98 99)
2(99 100)
2(100 101)
2(102 103)
2(103 104)
2(104 105)
2(105 106)
2(106 107)
2(107 108)
2(108 109)
2(109 110)
2(110 111)
2(111 112)
2(112 113)
2(113 114)
2(114 115)
2(115 116)
2(116 117)
2(117 118)
2(118 119)
2(119 120)
2(120 121)
2(121 122)
2(122 123)
2(123 124)
2(124 125)
2(125 126)
2(126 127)
2(127 128)
2(128 129)
2(129 130)
2(130 131)
2(131 132)
2(132 133)
2(133 134)
2(134 135)
2(135 136)
2(136 137)
2(137 138)
2(138 139)
2(139 140)
2(140 141)
2(141 142)
2(142 143)
2(143 144)
2(144 145)
2(145 146)
2(146 147)
2(147 148)
2(148 149)
2(149 150)
2(150 151)
2(151 152)
2(153 154)
2(154 155)
2(155 156)
2(156 157)
2(157 158)
2(158 159)
2(159 160)
2(160 161)
2(161 162)
2(162 163)
2(163 164)
2(164 165)
2(165 166)
2(166 167)
2(167 168)
2(168 169)
2(169 170)
2(170 171)
2(171 172)
2(172 173)
2(173 174)
2(174 175)
2(175 176)
2(176 177)
2(177 178)
2(178 179)
2(179 180)
2(180 181)
2(181 182)
2(182 183)
2(183 184)
2(184 185)
2(185 186)
2(186 187)
2(187 188)
2(188 189)
2(189 190)
2(190 191)
2(191 192)
2(192 193)
2(193 194)
2(194 195)
2(195 196)
2(196 197)
2(197 198)
2(198 199)
2(199 200)
2(200 201)
2(201 202)
2(202 203)
2(204 205)
2(205 206)
2(206 207)
2(207 208)
2(208 209)
2(209 210)
2(210 211)
2(211 212)
2(212 213)
2(213 214)
2(214 215)
2(215 216)
2(216 217)
2(217 218)
2(218 219)
2(219 220)
2(220 221)
2(221 222)
2(222 223)
2(223 224)
2(224 225)
2(225 226)
2(226 227)
2(227 228)
2(228 229)
2(229 230)
2(230 231)
2(231 232)
2(232 233)
2(233 234)
2(234 235)
2(235 236)
2(236 237)
2(237 238)
2(238 239)
2(239 240)
2(240 241)
2(241 242)
2(242 243)
2(243 244)
2(244 245)
2(245 246)
2(246 247)
2(247 248)
2(248 249)
2(249 250)
2(250 251)
2(251 252)
2(252 253)
2(253 254)
2(255 256)
2(256 257)
2(257 258)
2(258 259)
2(259 260)
2(260 261)
2(261 262)
2(262 263)
2(263 264)
2(264 265)
2(265 266)
2(266 267)
2(267 268)
2(268 269)
2(269 270)
2(270 271)
2(271 272)
2(272 273)
2(273 274)
2(274 275)
2(275 276)
2(276 277)
2(277 278)
2(278 279)
2(279 280)
2(280 281)
2(281 282)
2(282 283)
2(283 284)
2(284 285)
2(285 286)
2(286 287)
2(287 288)
2(288 289)
2(289 290)
2(290 291)
2(291 292)
2(292 293)
2(293 294)
2(294 295)
2(295 296)
2(296 297)
2(297 298)
2(298 299)
2(299 300)
2(300 301)
2(301 302)
2(302 303)
2(303 304)
2(304 305)
2(306 307)
2(307 308)
2(308 309)
2(309 310)
2(310 311)
2(311 312)
2(312 313)
2(313 314)
2(314 315)
2(315 316)
2(316 317)
2(317 318)
2(318 319)
2(319 320)
2(320 321)
2(321 322)
2(322 323)
2(323 324)
2(324 325)
2(325 326)
2(326 327)
2(327 328)
2(328 329)
2(329 330)
2(330 331)
2(331 332)
2(332 333)
2(333 334)
2(334 335)
2(335 336)
2(336 337)
2(337 338)
2(338 339)
2(339 340)
2(340 341)
2(341 342)
2(342 343)
2(343 344)
2(344 345)
2(345 346)
2(346 347)
2(347 348)
2(348 349)
2(349 350)
2(350 351)
2(351 352)
2(352 353)
2(353 354)
2(354 355)
2(355 356)
2(357 358)
2(358 359)
2(359 360)
2(360 361)
2(361 362)
2(362 363)
2(363 364)
2(364 365)
2(365 366)
2(366 367)
2(367 368)
2(368 369)
2(369 370)
2(370 371)
2(371 372)
2(372 373)
2(373 374)
2(374 375)
2(375 376)
2(376 377)
2(377 378)
2(378 379)
2(379 380)
2(380 381)
2(381 382)
2(382 383)
2(383 384)
2(384 385)
2(385 386)
2(386 387)
2(387 388)
2(388 389)
2(389 390)
2(390 391)
2(391 392)
2(392 393)
2(393 394)
2(394 395)
2(395 396)
2(396 397)
2(397 398)
2(398 399)
2(399 400)
2(400 401)
2(401 402)
2(402 403)
2(403 404)
2(404 405)
2(405 406)
2(406 407)
2(408 409)
2(409 410)
2(410 411)
2(411 412)
2(412 413)
2(413 414)
2(414 415)
2(415 416)
2(416 417)
2(417 418)
2(418 419)
2(419 420)
2(420 421)
2(421 422)
2(422 423)
2(423 424)
2(424 425)
2(425 426)
2(426 427)
2(427 428)
2(428 429)
2(429 430)
2(430 431)
2(431 432)
2(432 433)
2(433 434)
2(434 435)
2(435 436)
2(436 437)
2(437 438)
2(438 439)
2(439 440)
2(440 441)
2(441 442)
2(442 443)
2(443 444)
2(444 445)
2(445 446)
2(446 447)
2(447 448)
2(448 449)
2(449 450)
2(450 451)
2(451 452)
2(452 453)
2(453 454)
2(454 455)
2(455 456)
2(456 457)
2(457 458)
2(459 460)
2(460 461)
2(461 462)
2(462 463)
2(463 464)
2(464 465)
2(465 466)
2(466 467)
2(467 468)
2(468 469)
2(469 470)
2(470 471)
2(471 472)
2(472 473)
2(473 474)
2(474 475)
2(475 476)
2(476 477)
2(477 478)
2(478 479)
2(479 480)
2(480 481)
2(481 482)
2(482 483)
2(483 484)
2(484 485)
2(485 486)
2(486 487)
2(487 488)
2(488 489)
2(489 490)
2(490 491)
2(491 492)
2(492 493)
2(493 494)
2(494 495)
2(495 496)
2(496 497)
2(497 498)
2(498 499)
2(499 500)
2(500 501)
2(501 502)
2(502 503)
2(503 504)
2(504 505)
2(505 506)
2(506 507)
2(507 508)
2(508 509)
2(510 511)
2(511 512)
2(512 513)
2(513 514)
2(514 515)
2(515 516)
2(516 517)
2(517 518)
2(518 519)
2(519 520)
2(520 521)
2(521 522)
2(522 523)
2(523 524)
2(524 525)
2(525 526)
2(526 527)
2(527 528)
2(528 529)
2(529 530)
2(530 531)
2(531 532)
2(532 533)
2(533 534)
2(534 535)
2(535 536)
2(536 537)
2(537 538)
2(538 539)
2(539 540)
2(540 541)
2(541 542)
2(542 543)
2(543 544)
2(544 545)
2(545 546)
2(546 547)
2(547 548)
2(548 549)
2(549 550)
2(550 551)
2(551 552)
2(552 553)
2(553 554)
2(554 555)
2(555 556)
2(556 557)
2(557 558)
2(558 559)
2(559 560)
2(561 562)
2(562 563)
2(563 564)
2(564 565)
2(565 566)
2(566 567)
2(567 568)
2(568 569)
2(569 570)
2(570 571)
2(571 572)
2(572 573)
2(573 574)
2(574 575)
2(575 576)
2(576 577)
2(577 578)
2(578 579)
2(579 580)
2(580 581)
2(581 582)
2(582 583)
2(583 584)
2(584 585)
2(585 586)
2(586 587)
2(587 588)
2(588 589)
2(589 590)
2(590 591)
2(591 592)
2(592 593)
2(593 594)
2(594 595)
2(595 596)
2(596 597)
2(597 598)
2(598 599)
2(599 600)
2(600 601)
2(601 602)
2(602 603)
2(603 604)
2(604 605)
2(605 606)
2(606 607)
2(607 608)
2(608 609)
2(609 610)
2(610 611)
2(612 613)
2(613 614)
2(614 615)
2(615 616)
2(616 617)
2(617 618)
2(618 619)
2(619 620)
2(620 621)
2(621 622)
2(622 623)
2(623 624)
2(624 625)
2(625 626)
2(626 627)
2(627 628)
2(628 629)
2(629 630)
2(630 631)
2(631 632)
2(632 633)
2(633 634)
2(634 635)
2(635 636)
2(636 637)
2(637 638)
2(638 639)
2(639 640)
2(640 641)
2(641 642)
2(642 643)
2(643 644)
2(644 645)
2(645 646)
2(646 647)
2(647 648)
2(648 649)
2(649 650)
2(650 651)
2(651 652)
2(652 653)
2(653 654)
2(654 655)
2(655 656)
2(656 657)
2(657 658)
2(658 659)
2(659 660)
2(660 661)
2(661 662)
2(663 664)
2(664 665)
2(665 666)
2(666 667)
2(667 668)
2(668 669)
2(669 670)
2(670 671)
2(671 672)
2(672 673)
2(673 674)
2(674 675)
2(675 676)
2(676 677)
2(677 678)
2(678 679)
2(679 680)
2(680 681)
2(681 682)
2(682 683)
2(683 684)
2(684 685)
2(685 686)
2(686 687)
2(687 688)
2(688 689)
2(689 690)
2(690 691)
2(691 692)
2(692 693)
2(693 694)
2(694 695)
2(695 696)
2(696 697)
2(697 698)
2(698 699)
2(699 700)
2(700 701)
2(701 702)
2(702 703)
2(703 704)
2(704 705)
2(705 706)
2(706 707)
2(707 708)
2(708 709)
2(709 710)
2(710 711)
2(711 712)
2(712 713)
2(714 715)
2(715 716)
2(716 717)
2(717 718)
2(718 719)
2(719 720)
2(720 721)
2(721 722)
2(722 723)
2(723 724)
2(724 725)
2(725 726)
2(726 727)
2(727 728)
2(728 729)
2(729 730)
2(730 731)
2(731 732)
2(732 733)
2(733 734)
2(734 735)
2(735 736)
2(736 737)
2(737 738)
2(738 739)
2(739 740)
2(740 741)
2(741 742)
2(742 743)
2(743 744)
2(744 745)
2(745 746)
2(746 747)
2(747 748)
2(748 749)
2(749 750)
2(750 751)
2(751 752)
2(752 753)
2(753 754)
2(754 755)
2(755 756)
2(756 757)
2(757 758)
2(758 759)
2(759 760)
2(760 761)
2(761 762)
2(762 763)
2(763 764)
2(765 766)
2(766 767)
2(767 768)
2(768 769)
2(769 770)
2(770 771)
2(771 772)
2(772 773)
2(773 774)
2(774 775)
2(775 776)
2(776 777)
2(777 778)
2(778 779)
2(779 780)
2(780 781)
2(781 782)
2(782 783)
2(783 784)
2(784 785)
2(785 786)
2(786 787)
2(787 788)
2(788 789)
2(789 790)
2(790 791)
2(791 792)
2(792 793)
2(793 794)
2(794 795)
2(795 796)
2(796 797)
2(797 798)
2(798 799)
2(799 800)
2(800 801)
2(801 802)
2(802 803)
2(803 804)
2(804 805)
2(805 806)
2(806 807)
2(807 808)
2(808 809)
2(809 810)
2(810 811)
2(811 812)
2(812 813)
2(813 814)
2(814 815)
2(816 817)
2(817 818)
2(818 819)
2(819 820)
2(820 821)
2(821 822)
2(822 823)
2(823 824)
2(824 825)
2(825 826)
2(826 827)
2(827 828)
2(828 829)
2(829 830)
2(830 831)
2(831 832)
2(832 833)
2(833 834)
2(834 835)
2(835 836)
2(836 837)
2(837 838)
2(838 839)
2(839 840)
2(840 841)
2(841 842)
2(842 843)
2(843 844)
2(844 845)
2(845 846)
2(846 847)
2(847 848)
2(848 849)
2(849 850)
2(850 851)
2(851 852)
2(852 853)
2(853 854)
2(854 855)
2(855 856)
2(856 857)
2(857 858)
2(858 859)
2(859 860)
2(860 861)
2(861 862)
2(862 863)
2(863 864)
2(864 865)
2(865 866)
2(867 868)
2(868 869)
2(869 870)
2(870 871)
2(871 872)
2(872 873)
2(873 874)
2(874 875)
2(875 876)
2(876 877)
2(877 878)
2(878 879)
2(879 880)
2(880 881)
2(881 882)
2(882 883)
2(883 884)
2(884 885)
2(885 886)
2(886 887)
2(887 888)
2(888 889)
2(889 890)
2(890 891)
2(891 892)
2(892 893)
2(893 894)
2(894 895)
2(895 896)
2(896 897)
2(897 898)
2(898 899)
2(899 900)
2(900 901)
2(901 902)
2(902 903)
2(903 904)
2(904 905)
2(905 906)
2(906 907)
2(907 908)
2(908 909)
2(909 910)
2(910 911)
2(911 912)
2(912 913)
2(913 914)
2(914 915)
2(915 916)
2(916 917)
2(918 919)
2(919 920)
2(920 921)
2(921 922)
2(922 923)
2(923 924)
2(924 925)
2(925 926)
2(926 927)
2(927 928)
2(928 929)
2(929 930)
2(930 931)
2(931 932)
2(932 933)
2(933 934)
2(934 935)
2(935 936)
2(936 937)
2(937 938)
2(938 939)
2(939 940)
2(940 941)
2(941 942)
2(942 943)
2(943 944)
2(944 945)
2(945 946)
2(946 947)
2(947 948)
2(948 949)
2(949 950)
2(950 951)
2(951 952)
2(952 953)
2(953 954)
2(954 955)
2(955 956)
2(956 957)
2(957 958)
2(958 959)
2(959 960)
2(960 961)
2(961 962)
2(962 963)
2(963 964)
2(964 965)
2(965 966)
2(966 967)
2(967 968)
2(969 970)
2(970 971)
2(971 972)
2(972 973)
2(973 974)
2(974 975)
2(975 976)
2(976 977)
2(977 978)
2(978 979)
2(979 980)
2(980 981)
2(981 982)
2(982 983)
2(983 984)
2(984 985)
2(985 986)
2(986 987)
2(987 988)
2(988 989)
2(989 990)
2(990 991)
2(991 992)
2(992 993)
2(993 994)
2(994 995)
2(995 996)
2(996 997)
2(997 998)
2(998 999)
2(999 1000)
2(1000 1001)
2(1001 1002)
2(1002 1003)
2(1003 1004)
2(1004 1005)
2(1005 1006)
2(1006 1007)
2(1007 1008)
2(1008 1009)
2(1009 1010)
2(1010 1011)
2(1011 1012)
2(1012 1013)
2(1013 1014)
2(1014 1015)
2(1015 1016)
2(1016 1017)
2(1017 1018)
2(1018 1019)
2(1020 1021)
2(1021 1022)
2(1022 1023)
2(1023 1024)
2(1024 1025)
2(1025 1026)
2(1026 1027)
2(1027 1028)
2(1028 1029)
2(1029 1030)
2(1030 1031)
2(1031 1032)
2(1032 1033)
2(1033 1034)
2(1034 1035)
2(1035 1036)
2(1036 1037)
2(1037 1038)
2(1038 1039)
2(1039 1040)
2(1040 1041)
2(1041 1042)
2(1042 1043)
2(1043 1044)
2(1044 1045)
2(1045 1046)
2(1046 1047)
2(1047 1048)
2(1048 1049)
2(1049 1050)
2(1050 1051)
2(1051 1052)
2(1052 1053)
2(1053 1054)
2(1054 1055)
2(1055 1056)
2(1056 1057)
2(1057 1058)
2(1058 1059)
2(1059 1060)
2(1060 1061)
2(1061 1062)
2(1062 1063)
2(1063 1064)
2(1064 1065)
2(1065 1066)
2(1066 1067)
2(1067 1068)
2(1068 1069)
2(1069 1070)
2(1071 1072)
2(1072 1073)
2(1073 1074)
2(1074 1075)
2(1075 1076)
2(1076 1077)
2(1077 1078)
2(1078 1079)
2(1079 1080)
2(1080 1081)
2(1081 1082)
2(1082 1083)
2(1083 1084)
2(1084 1085)
2(1085 1086)
2(1086 1087)
2(1087 1088)
2(1088 1089)
2(1089 1090)
2(1090 1091)
2(1091 1092)
2(1092 1093)
2(1093 1094)
2(1094 1095)
2(1095 1096)
2(1096 1097)
2(1097 1098)
2(1098 1099)
2(1099 1100)
2(1100 1101)
2(1101 1102)
2(1102 1103)
2(1103 1104)
2(1104 1105)
2(1105 1106)
2(1106 1107)
2(1107 1108)
2(1108 1109)
2(1109 1110)
2(1110 1111)
2(1111 1112)
2(1112 1113)
2(1113 1114)
2(1114 1115)
2(1115 1116)
2(1116 1117)
2(1117 1118)
2(1118 1119)
2(1119 1120)
2(1120 1121)
2(1122 1123)
2(1123 1124)
2(1124 1125)
2(1125 1126)
2(1126 1127)
2(1127 1128)
2(1128 1129)
2(1129 1130)
2(1130 1131)
2(1131 1132)
2(1132 1133)
2(1133 1134)
2(1134 1135)
2(1135 1136)
2(1136 1137)
2(1137 1138)
2(1138 1139)
2(1139 1140)
2(1140 1141)
2(1141 1142)
2(1142 1143)
2(1143 1144)
2(1144 1145)
2(1145 1146)
2(1146 1147)
2(1147 1148)
2(1148 1149)
2(1149 1150)
2(1150 1151)
2(1151 1152)
2(1152 1153)
2(1153 1154)
2(1154 1155)
2(1155 1156)
2(1156 1157)
2(1157 1158)
2(1158 1159)
2(1159 1160)
2(1160 1161)
2(1161 1162)
2(1162 1163)
2(1163 1164)
2(1164 1165)
2(1165 1166)
2(1166 1167)
2(1167 1168)
2(1168 1169)
2(1169 1170)
2(1170 1171)
2(1171 1172)
2(1173 1174)
2(1174 1175)
2(1175 1176)
2(1176 1177)
2(1177 1178)
2(1178 1179)
2(1179 1180)
2(1180 1181)
2(1181 1182)
2(1182 1183)
2(1183 1184)
2(1184 1185)
2(1185 1186)
2(1186 1187)
2(1187 1188)
2(1188 1189)
2(1189 1190)
2(1190 1191)
2(1191 1192)
2(1192 1193)
2(1193 1194)
2(1194 1195)
2(1195 1196)
2(1196 1197)
2(1197 1198)
2(1198 1199)
2(1199 1200)
2(1200 1201)
2(1201 1202)
2(1202 1203)
2(1203 1204)
2(1204 1205)
2(1205 1206)
2(1206 1207)
2(1207 1208)
2(1208 1209)
2(1209 1210)
2(1210 1211)
2(1211 1212)
2(1212 1213)
2(1213 1214)
2(1214 1215)
2(1215 1216)
2(1216 1217)
2(1217 1218)
2(1218 1219)
2(1219 1220)
2(1220 1221)
2(1221 1222)
2(1222 1223)
2(1224 1225)
2(1225 1226)
2(1226 1227)
2(1227 1228)
2(1228 1229)
2(1229 1230)
2(1230 1231)
2(1231 1232)
2(1232 1233)
2(1233 1234)
2(1234 1235)
2(1235 1236)
2(1236 1237)
2(1237 1238)
2(1238 1239)
2(1239 1240)
2(1240 1241)
2(1241 1242)
2(1242 1243)
2(1243 1244)
2(1244 1245)
2(1245 1246)
2(1246 1247)
2(1247 1248)
2(1248 1249)
2(1249 1250)
2(1250 1251)
2(1251 1252)
2(1252 1253)
2(1253 1254)
2(1254 1255)
2(1255 1256)
2(1256 1257)
2(1257 1258)
2(1258 1259)
2(1259 1260)
2(1260 1261)
2(1261 1262)
2(1262 1263)
2(1263 1264)
2(1264 1265)
2(1265 1266)
2(1266 1267)
2(1267 1268)
2(1268 1269)
2(1269 1270)
2(1270 1271)
2(1271 1272)
2(1272 1273)
2(1273 1274)
2(1275 1276)
2(1276 1277)
2(1277 1278)
2(1278 1279)
2(1279 1280)
2(1280 1281)
2(1281 1282)
2(1282 1283)
2(1283 1284)
2(1284 1285)
2(1285 1286)
2(1286 1287)
2(1287 1288)
2(1288 1289)
2(1289 1290)
2(1290 1291)
2(1291 1292)
2(1292 1293)
2(1293 1294)
2(1294 1295)
2(1295 1296)
2(1296 1297)
2(1297 1298)
2(1298 1299)
2(1299 1300)
2(1300 1301)
2(1301 1302)
2(1302 1303)
2(1303 1304)
2(1304 1305)
2(1305 1306)
2(1306 1307)
2(1307 1308)
2(1308 1309)
2(1309 1310)
2(1310 1311)
2(1311 1312)
2(1312 1313)
2(1313 1314)
2(1314 1315)
2(1315 1316)
2(1316 1317)
2(1317 1318)
2(1318 1319)
2(1319 1320)
2(1320 1321)
2(1321 1322)
2(1322 1323)
2(1323 1324)
2(1324 1325)
2(1326 1327)
2(1327 1328)
2(1328 1329)
2(1329 1330)
2(1330 1331)
2(1331 1332)
2(1332 1333)
2(1333 1334)
2(1334 1335)
2(1335 1336)
2(1336 1337)
2(1337 1338)
2(1338 1339)
2(1339 1340)
2(1340 1341)
2(1341 1342)
2(1342 1343)
2(1343 1344)
2(1344 1345)
2(1345 1346)
2(1346 1347)
2(1347 1348)
2(1348 1349)
2(1349 1350)
2(1350 1351)
2(1351 1352)
2(1352 1353)
2(1353 1354)
2(1354 1355)
2(1355 1356)
2(1356 1357)
2(1357 1358)
2(1358 1359)
2(1359 1360)
2(1360 1361)
2(1361 1362)
2(1362 1363)
2(1363 1364)
2(1364 1365)
2(1365 1366)
2(1366 1367)
2(1367 1368)
2(1368 1369)
2(1369 1370)
2(1370 1371)
2(1371 1372)
2(1372 1373)
2(1373 1374)
2(1374 1375)
2(1375 1376)
2(1377 1378)
2(1378 1379)
2(1379 1380)
2(1380 1381)
2(1381 1382)
2(1382 1383)
2(1383 1384)
2(1384 1385)
2(1385 1386)
2(1386 1387)
2(1387 1388)
2(1388 1389)
2(1389 1390)
2(1390 1391)
2(1391 1392)
2(1392 1393)
2(1393 1394)
2(1394 1395)
2(1395 1396)
2(1396 1397)
2(1397 1398)
2(1398 1399)
2(1399 1400)
2(1400 1401)
2(1401 1402)
2(1402 1403)
2(1403 1404)
2(1404 1405)
2(1405 1406)
2(1406 1407)
2(1407 1408)
2(1408 1409)
2(1409 1410)
2(1410 1411)
2(1411 1412)
2(1412 1413)
2(1413 1414)
2(1414 1415)
2(1415 1416)
2(1416 1417)
2(1417 1418)
2(1418 1419)
2(1419 1420)
2(1420 1421)
2(1421 1422)
2(1422 1423)
2(1423 1424)
2(1424 1425)
2(1425 1426)
2(1426 1427)
2(1428 1429)
2(1429 1430)
2(1430 1431)
2(1431 1432)
2(1432 1433)
2(1433 1434)
2(1434 1435)
2(1435 1436)
2(1436 1437)
2(1437 1438)
2(1438 1439)
2(1439 1440)
2(1440 1441)
2(1441 1442)
2(1442 1443)
2(1443 1444)
2(1444 1445)
2(1445 1446)
2(1446 1447)
2(1447 1448)
2(1448 1449)
2(1449 1450)
2(1450 1451)
2(1451 1452)
2(1452 1453)
2(1453 1454)
2(1454 1455)
2(1455 1456)
2(1456 1457)
2(1457 1458)
2(1458 1459)
2(1459 1460)
2(1460 1461)
2(1461 1462)
2(1462 1463)
2(1463 1464)
2(1464 1465)
2(1465 1466)
2(1466 1467)
2(1467 1468)
2(1468 1469)
2(1469 1470)
2(1470 1471)
2(1471 1472)
2(1472 1473)
2(1473 1474)
2(1474 1475)
2(1475 1476)
2(1476 1477)
2(1477 1478)
2(1479 1480)
2(1480 1481)
2(1481 1482)
2(1482 1483)
2(1483 1484)
2(1484 1485)
2(1485 1486)
2(1486 1487)
2(1487 1488)
2(1488 1489)
2(1489 1490)
2(1490 1491)
2(1491 1492)
2(1492 1493)
2(1493 1494)
2(1494 1495)
2(1495 1496)
2(1496 1497)
2(1497 1498)
2(1498 1499)
2(1499 1500)
2(1500 1501)
2(1501 1502)
2(1502 1503)
2(1503 1504)
2(1504 1505)
2(1505 1506)
2(1506 1507)
2(1507 1508)
2(1508 1509)
2(1509 1510)
2(1510 1511)
2(1511 1512)
2(1512 1513)
2(1513 1514)
2(1514 1515)
2(1515 1516)
2(1516 1517)
2(1517 1518)
2(1518 1519)
2(1519 1520)
2(1520 1521)
2(1521 1522)
2(1522 1523)
2(1523 1524)
2(1524 1525)
2(1525 1526)
2(1526 1527)
2(1527 1528)
2(1528 1529)
2(1530 1531)
2(1531 1532)
2(1532 1533)
2(1533 1534)
2(1534 1535)
2(1535 1536)
2(1536 1537)
2(1537 1538)
2(1538 1539)
2(1539 1540)
2(1540 1541)
2(1541 1542)
2(1542 1543)
2(1543 1544)
2(1544 1545)
2(1545 1546)
2(1546 1547)
2(1547 1548)
2(1548 1549)
2(1549 1550)
2(1550 1551)
2(1551 1552)
2(1552 1553)
2(1553 1554)
2(1554 1555)
2(1555 1556)
2(1556 1557)
2(1557 1558)
2(1558 1559)
2(1559 1560)
2(1560 1561)
2(1561 1562)
2(1562 1563)
2(1563 1564)
2(1564 1565)
2(1565 1566)
2(1566 1567)
2(1567 1568)
2(1568 1569)
2(1569 1570)
2(1570 1571)
2(1571 1572)
2(1572 1573)
2(1573 1574)
2(1574 1575)
2(1575 1576)
2(1576 1577)
2(1577 1578)
2(1578 1579)
2(1579 1580)
2(1581 1582)
2(1582 1583)
2(1583 1584)
2(1584 1585)
2(1585 1586)
2(1586 1587)
2(1587 1588)
2(1588 1589)
2(1589 1590)
2(1590 1591)
2(1591 1592)
2(1592 1593)
2(1593 1594)
2(1594 1595)
2(1595 1596)
2(1596 1597)
2(1597 1598)
2(1598 1599)
2(1599 1600)
2(1600 1601)
2(1601 1602)
2(1602 1603)
2(1603 1604)
2(1604 1605)
2(1605 1606)
2(1606 1607)
2(1607 1608)
2(1608 1609)
2(1609 1610)
2(1610 1611)
2(1611 1612)
2(1612 1613)
2(1613 1614)
2(1614 1615)
2(1615 1616)
2(1616 1617)
2(1617 1618)
2(1618 1619)
2(1619 1620)
2(1620 1621)
2(1621 1622)
2(1622 1623)
2(1623 1624)
2(1624 1625)
2(1625 1626)
2(1626 1627)
2(1627 1628)
2(1628 1629)
2(1629 1630)
2(1630 1631)
2(1632 1633)
2(1633 1634)
2(1634 1635)
2(1635 1636)
2(1636 1637)
2(1637 1638)
2(1638 1639)
2(1639 1640)
2(1640 1641)
2(1641 1642)
2(1642 1643)
2(1643 1644)
2(1644 1645)
2(1645 1646)
2(1646 1647)
2(1647 1648)
2(1648 1649)
2(1649 1650)
2(1650 1651)
2(1651 1652)
2(1652 1653)
2(1653 1654)
2(1654 1655)
2(1655 1656)
2(1656 1657)
2(1657 1658)
2(1658 1659)
2(1659 1660)
2(1660 1661)
2(1661 1662)
2(1662 1663)
2(1663 1664)
2(1664 1665)
2(1665 1666)
2(1666 1667)
2(1667 1668)
2(1668 1669)
2(1669 1670)
2(1670 1671)
2(1671 1672)
2(1672 1673)
2(1673 1674)
2(1674 1675)
2(1675 1676)
2(1676 1677)
2(1677 1678)
2(1678 1679)
2(1679 1680)
2(1680 1681)
2(1681 1682)
2(1683 1684)
2(1684 1685)
2(1685 1686)
2(1686 1687)
2(1687 1688)
2(1688 1689)
2(1689 1690)
2(1690 1691)
2(1691 1692)
2(1692 1693)
2(1693 1694)
2(1694 1695)
2(1695 1696)
2(1696 1697)
2(1697 1698)
2(1698 1699)
2(1699 1700)
2(1700 1701)
2(1701 1702)
2(1702 1703)
2(1703 1704)
2(1704 1705)
2(1705 1706)
2(1706 1707)
2(1707 1708)
2(1708 1709)
2(1709 1710)
2(1710 1711)
2(1711 1712)
2(1712 1713)
2(1713 1714)
2(1714 1715)
2(1715 1716)
2(1716 1717)
2(1717 1718)
2(1718 1719)
2(1719 1720)
2(1720 1721)
2(1721 1722)
2(1722 1723)
2(1723 1724)
2(1724 1725)
2(1725 1726)
2(1726 1727)
2(1727 1728)
2(1728 1729)
2(1729 1730)
2(1730 1731)
2(1731 1732)
2(1732 1733)
2(1734 1735)
2(1735 1736)
2(1736 1737)
2(1737 1738)
2(1738 1739)
2(1739 1740)
2(1740 1741)
2(1741 1742)
2(1742 1743)
2(1743 1744)
2(1744 1745)
2(1745 1746)
2(1746 1747)
2(1747 1748)
2(1748 1749)
2(1749 1750)
2(1750 1751)
2(1751 1752)
2(1752 1753)
2(1753 1754)
2(1754 1755)
2(1755 1756)
2(1756 1757)
2(1757 1758)
2(1758 1759)
2(1759 1760)
2(1760 1761)
2(1761 1762)
2(1762 1763)
2(1763 1764)
2(1764 1765)
2(1765 1766)
2(1766 1767)
2(1767 1768)
2(1768 1769)
2(1769 1770)
2(1770 1771)
2(1771 1772)
2(1772 1773)
2(1773 1774)
2(1774 1775)
2(1775 1776)
2(1776 1777)
2(1777 1778)
2(1778 1779)
2(1779 1780)
2(1780 1781)
2(1781 1782)
2(1782 1783)
2(1783 1784)
2(1785 1786)
2(1786 1787)
2(1787 1788)
2(1788 1789)
2(1789 1790)
2(1790 1791)
2(1791 1792)
2(1792 1793)
2(1793 1794)
2(1794 1795)
2(1795 1796)
2(1796 1797)
2(1797 1798)
2(1798 1799)
2(1799 1800)
2(1800 1801)
2(1801 1802)
2(1802 1803)
2(1803 1804)
2(1804 1805)
2(1805 1806)
2(1806 1807)
2(1807 1808)
2(1808 1809)
2(1809 1810)
2(1810 1811)
2(1811 1812)
2(1812 1813)
2(1813 1814)
2(1814 1815)
2(1815 1816)
2(1816 1817)
2(1817 1818)
2(1818 1819)
2(1819 1820)
2(1820 1821)
2(1821 1822)
2(1822 1823)
2(1823 1824)
2(1824 1825)
2(1825 1826)
2(1826 1827)
2(1827 1828)
2(1828 1829)
2(1829 1830)
2(1830 1831)
2(1831 1832)
2(1832 1833)
2(1833 1834)
2(1834 1835)
2(1836 1837)
2(1837 1838)
2(1838 1839)
2(1839 1840)
2(1840 1841)
2(1841 1842)
2(1842 1843)
2(1843 1844)
2(1844 1845)
2(1845 1846)
2(1846 1847)
2(1847 1848)
2(1848 1849)
2(1849 1850)
2(1850 1851)
2(1851 1852)
2(1852 1853)
2(1853 1854)
2(1854 1855)
2(1855 1856)
2(1856 1857)
2(1857 1858)
2(1858 1859)
2(1859 1860)
2(1860 1861)
2(1861 1862)
2(1862 1863)
2(1863 1864)
2(1864 1865)
2(1865 1866)
2(1866 1867)
2(1867 1868)
2(1868 1869)
2(1869 1870)
2(1870 1871)
2(1871 1872)
2(1872 1873)
2(1873 1874)
2(1874 1875)
2(1875 1876)
2(1876 1877)
2(1877 1878)
2(1878 1879)
2(1879 1880)
2(1880 1881)
2(1881 1882)
2(1882 1883)
2(1883 1884)
2(1884 1885)
2(1885 1886)
2(1887 1888)
2(1888 1889)
2(1889 1890)
2(1890 1891)
2(1891 1892)
2(1892 1893)
2(1893 1894)
2(1894 1895)
2(1895 1896)
2(1896 1897)
2(1897 1898)
2(1898 1899)
2(1899 1900)
2(1900 1901)
2(1901 1902)
2(1902 1903)
2(1903 1904)
2(1904 1905)
2(1905 1906)
2(1906 1907)
2(1907 1908)
2(1908 1909)
2(1909 1910)
2(1910 1911)
2(1911 1912)
2(1912 1913)
2(1913 1914)
2(1914 1915)
2(1915 1916)
2(1916 1917)
2(1917 1918)
2(1918 1919)
2(1919 1920)
2(1920 1921)
2(1921 1922)
2(1922 1923)
2(1923 1924)
2(1924 1925)
2(1925 1926)
2(1926 1927)
2(1927 1928)
2(1928 1929)
2(1929 1930)
2(1930 1931)
2(1931 1932)
2(1932 1933)
2(1933 1934)
2(1934 1935)
2(1935 1936)
2(1936 1937)
2(1938 1939)
2(1939 1940)
2(1940 1941)
2(1941 1942)
2(1942 1943)
2(1943 1944)
2(1944 1945)
2(1945 1946)
2(1946 1947)
2(1947 1948)
2(1948 1949)
2(1949 1950)
2(1950 1951)
2(1951 1952)
2(1952 1953)
2(1953 1954)
2(1954 1955)
2(1955 1956)
2(1956 1957)
2(1957 1958)
2(1958 1959)
2(1959 1960)
2(1960 1961)
2(1961 1962)
2(1962 1963)
2(1963 1964)
2(1964 1965)
2(1965 1966)
2(1966 1967)
2(1967 1968)
2(1968 1969)
2(1969 1970)
2(1970 1971)
2(1971 1972)
2(1972 1973)
2(1973 1974)
2(1974 1975)
2(1975 1976)
2(1976 1977)
2(1977 1978)
2(1978 1979)
2(1979 1980)
2(1980 1981)
2(1981 1982)
2(1982 1983)
2(1983 1984)
2(1984 1985)
2(1985 1986)
2(1986 1987)
2(1987 1988)
2(1989 1990)
2(1990 1991)
2(1991 1992)
2(1992 1993)
2(1993 1994)
2(1994 1995)
2(1995 1996)
2(1996 1997)
2(1997 1998)
2(1998 1999)
2(1999 2000)
2(2000 2001)
2(2001 2002)
2(2002 2003)
2(2003 2004)
2(2004 2005)
2(2005 2006)
2(2006 2007)
2(2007 2008)
2(2008 2009)
2(2009 2010)
2(2010 2011)
2(2011 2012)
2(2012 2013)
2(2013 2014)
2(2014 2015)
2(2015 2016)
2(2016 2017)
2(2017 2018)
2(2018 2019)
2(2019 2020)
2(2020 2021)
2(2021 2022)
2(2022 2023)
2(2023 2024)
2(2024 2025)
2(2025 2026)
2(2026 2027)
2(2027 2028)
2(2028 2029)
2(2029 2030)
2(2030 2031)
2(2031 2032)
2(2032 2033)
2(2033 2034)
2(2034 2035)
2(2035 2036)
2(2036 2037)
2(2037 2038)
2(2038 2039)
2(2040 2041)
2(2041 2042)
2(2042 2043)
2(2043 2044)
2(2044 2045)
2(2045 2046)
2(2046 2047)
2(2047 2048)
2(2048 2049)
2(2049 2050)
2(2050 2051)
2(2051 2052)
2(2052 2053)
2(2053 2054)
2(2054 2055)
2(2055 2056)
2(2056 2057)
2(2057 2058)
2(2058 2059)
2(2059 2060)
2(2060 2061)
2(2061 2062)
2(2062 2063)
2(2063 2064)
2(2064 2065)
2(2065 2066)
2(2066 2067)
2(2067 2068)
2(2068 2069)
2(2069 2070)
2(2070 2071)
2(2071 2072)
2(2072 2073)
2(2073 2074)
2(2074 2075)
2(2075 2076)
2(2076 2077)
2(2077 2078)
2(2078 2079)
2(2079 2080)
2(2080 2081)
2(2081 2082)
2(2082 2083)
2(2083 2084)
2(2084 2085)
2(2085 2086)
2(2086 2087)
2(2087 2088)
2(2088 2089)
2(2089 2090)
2(2091 2092)
2(2092 2093)
2(2093 2094)
2(2094 2095)
2(2095 2096)
2(2096 2097)
2(2097 2098)
2(2098 2099)
2(2099 2100)
2(2100 2101)
2(2101 2102)
2(2102 2103)
2(2103 2104)
2(2104 2105)
2(2105 2106)
2(2106 2107)
2(2107 2108)
2(2108 2109)
2(2109 2110)
2(2110 2111)
2(2111 2112)
2(2112 2113)
2(2113 2114)
2(2114 2115)
2(2115 2116)
2(2116 2117)
2(2117 2118)
2(2118 2119)
2(2119 2120)
2(2120 2121)
2(2121 2122)
2(2122 2123)
2(2123 2124)
2(2124 2125)
2(2125 2126)
2(2126 2127)
2(2127 2128)
2(2128 2129)
2(2129 2130)
2(2130 2131)
2(2131 2132)
2(2132 2133)
2(2133 2134)
2(2134 2135)
2(2135 2136)
2(2136 2137)
2(2137 2138)
2(2138 2139)
2(2139 2140)
2(2140 2141)
2(2142 2143)
2(2143 2144)
2(2144 2145)
2(2145 2146)
2(2146 2147)
2(2147 2148)
2(2148 2149)
2(2149 2150)
2(2150 2151)
2(2151 2152)
2(2152 2153)
2(2153 2154)
2(2154 2155)
2(2155 2156)
2(2156 2157)
2(2157 2158)
2(2158 2159)
2(2159 2160)
2(2160 2161)
2(2161 2162)
2(2162 2163)
2(2163 2164)
2(2164 2165)
2(2165 2166)
2(2166 2167)
2(2167 2168)
2(2168 2169)
2(2169 2170)
2(2170 2171)
2(2171 2172)
2(2172 2173)
2(2173 2174)
2(2174 2175)
2(2175 2176)
2(2176 2177)
2(2177 2178)
2(2178 2179)
2(2179 2180)
2(2180 2181)
2(2181 2182)
2(2182 2183)
2(2183 2184)
2(2184 2185)
2(2185 2186)
2(2186 2187)
2(2187 2188)
2(2188 2189)
2(2189 2190)
2(2190 2191)
2(2191 2192)
2(2193 2194)
2(2194 2195)
2(2195 2196)
2(2196 2197)
2(2197 2198)
2(2198 2199)
2(2199 2200)
2(2200 2201)
2(2201 2202)
2(2202 2203)
2(2203 2204)
2(2204 2205)
2(2205 2206)
2(2206 2207)
2(2207 2208)
2(2208 2209)
2(2209 2210)
2(2210 2211)
2(2211 2212)
2(2212 2213)
2(2213 2214)
2(2214 2215)
2(2215 2216)
2(2216 2217)
2(2217 2218)
2(2218 2219)
2(2219 2220)
2(2220 2221)
2(2221 2222)
2(2222 2223)
2(2223 2224)
2(2224 2225)
2(2225 2226)
2(2226 2227)
2(2227 2228)
2(2228 2229)
2(2229 2230)
2(2230 2231)
2(2231 2232)
2(2232 2233)
2(2233 2234)
2(2234 2235)
2(2235 2236)
2(2236 2237)
2(2237 2238)
2(2238 2239)
2(2239 2240)
2(2240 2241)
2(2241 2242)
2(2242 2243)
2(2244 2245)
2(2245 2246)
2(2246 2247)
2(2247 2248)
2(2248 2249)
2(2249 2250)
2(2250 2251)
2(2251 2252)
2(2252 2253)
2(2253 2254)
2(2254 2255)
2(2255 2256)
2(2256 2257)
2(2257 2258)
2(2258 2259)
2(2259 2260)
2(2260 2261)
2(2261 2262)
2(2262 2263)
2(2263 2264)
2(2264 2265)
2(2265 2266)
2(2266 2267)
2(2267 2268)
2(2268 2269)
2(2269 2270)
2(2270 2271)
2(2271 2272)
2(2272 2273)
2(2273 2274)
2(2274 2275)
2(2275 2276)
2(2276 2277)
2(2277 2278)
2(2278 2279)
2(2279 2280)
2(2280 2281)
2(2281 2282)
2(2282 2283)
2(2283 2284)
2(2284 2285)
2(2285 2286)
2(2286 2287)
2(2287 2288)
2(2288 2289)
2(2289 2290)
2(2290 2291)
2(2291 2292)
2(2292 2293)
2(2293 2294)
2(2295 2296)
2(2296 2297)
2(2297 2298)
2(2298 2299)
2(2299 2300)
2(2300 2301)
2(2301 2302)
2(2302 2303)
2(2303 2304)
2(2304 2305)
2(2305 2306)
2(2306 2307)
2(2307 2308)
2(2308 2309)
2(2309 2310)
2(2310 2311)
2(2311 2312)
2(2312 2313)
2(2313 2314)
2(2314 2315)
2(2315 2316)
2(2316 2317)
2(2317 2318)
2(2318 2319)
2(2319 2320)
2(2320 2321)
2(2321 2322)
2(2322 2323)
2(2323 2324)
2(2324 2325)
2(2325 2326)
2(2326 2327)
2(2327 2328)
2(2328 2329)
2(2329 2330)
2(2330 2331)
2(2331 2332)
2(2332 2333)
2(2333 2334)
2(2334 2335)
2(2335 2336)
2(2336 2337)
2(2337 2338)
2(2338 2339)
2(2339 2340)
2(2340 2341)
2(2341 2342)
2(2342 2343)
2(2343 2344)
2(2344 2345)
2(2346 2347)
2(2347 2348)
2(2348 2349)
2(2349 2350)
2(2350 2351)
2(2351 2352)
2(2352 2353)
2(2353 2354)
2(2354 2355)
2(2355 2356)
2(2356 2357)
2(2357 2358)
2(2358 2359)
2(2359 2360)
2(2360 2361)
2(2361 2362)
2(2362 2363)
2(2363 2364)
2(2364 2365)
2(2365 2366)
2(2366 2367)
2(2367 2368)
2(2368 2369)
2(2369 2370)
2(2370 2371)
2(2371 2372)
2(2372 2373)
2(2373 2374)
2(2374 2375)
2(2375 2376)
2(2376 2377)
2(2377 2378)
2(2378 2379)
2(2379 2380)
2(2380 2381)
2(2381 2382)
2(2382 2383)
2(2383 2384)
2(2384 2385)
2(2385 2386)
2(2386 2387)
2(2387 2388)
2(2388 2389)
2(2389 2390)
2(2390 2391)
2(2391 2392)
2(2392 2393)
2(2393 2394)
2(2394 2395)
2(2395 2396)
2(2397 2398)
2(2398 2399)
2(2399 2400)
2(2400 2401)
2(2401 2402)
2(2402 2403)
2(2403 2404)
2(2404 2405)
2(2405 2406)
2(2406 2407)
2(2407 2408)
2(2408 2409)
2(2409 2410)
2(2410 2411)
2(2411 2412)
2(2412 2413)
2(2413 2414)
2(2414 2415)
2(2415 2416)
2(2416 2417)
2(2417 2418)
2(2418 2419)
2(2419 2420)
2(2420 2421)
2(2421 2422)
2(2422 2423)
2(2423 2424)
2(2424 2425)
2(2425 2426)
2(2426 2427)
2(2427 2428)
2(2428 2429)
2(2429 2430)
2(2430 2431)
2(2431 2432)
2(2432 2433)
2(2433 2434)
2(2434 2435)
2(2435 2436)
2(2436 2437)
2(2437 2438)
2(2438 2439)
2(2439 2440)
2(2440 2441)
2(2441 2442)
2(2442 2443)
2(2443 2444)
2(2444 2445)
2(2445 2446)
2(2446 2447)
2(2448 2449)
2(2449 2450)
2(2450 2451)
2(2451 2452)
2(2452 2453)
2(2453 2454)
2(2454 2455)
2(2455 2456)
2(2456 2457)
2(2457 2458)
2(2458 2459)
2(2459 2460)
2(2460 2461)
2(2461 2462)
2(2462 2463)
2(2463 2464)
2(2464 2465)
2(2465 2466)
2(2466 2467)
2(2467 2468)
2(2468 2469)
2(2469 2470)
2(2470 2471)
2(2471 2472)
2(2472 2473)
2(2473 2474)
2(2474 2475)
2(2475 2476)
2(2476 2477)
2(2477 2478)
2(2478 2479)
2(2479 2480)
2(2480 2481)
2(2481 2482)
2(2482 2483)
2(2483 2484)
2(2484 2485)
2(2485 2486)
2(2486 2487)
2(2487 2488)
2(2488 2489)
2(2489 2490)
2(2490 2491)
2(2491 2492)
2(2492 2493)
2(2493 2494)
2(2494 2495)
2(2495 2496)
2(2496 2497)
2(2497 2498)
2(2499 2500)
2(2500 2501)
2(2501 2502)
2(2502 2503)
2(2503 2504)
2(2504 2505)
2(2505 2506)
2(2506 2507)
2(2507 2508)
2(2508 2509)
2(2509 2510)
2(2510 2511)
2(2511 2512)
2(2512 2513)
2(2513 2514)
2(2514 2515)
2(2515 2516)
2(2516 2517)
2(2517 2518)
2(2518 2519)
2(2519 2520)
2(2520 2521)
2(2521 2522)
2(2522 2523)
2(2523 2524)
2(2524 2525)
2(2525 2526)
2(2526 2527)
2(2527 2528)
2(2528 2529)
2(2529 2530)
2(2530 2531)
2(2531 2532)
2(2532 2533)
2(2533 2534)
2(2534 2535)
2(2535 2536)
2(2536 2537)
2(2537 2538)
2(2538 2539)
2(2539 2540)
2(2540 2541)
2(2541 2542)
2(2542 2543)
2(2543 2544)
2(2544 2545)
2(2545 2546)
2(2546 2547)
2(2547 2548)
2(2548 2549)
2(2550 2551)
2(2551 2552)
2(2552 2553)
2(2553 2554)
2(2554 2555)
2(2555 2556)
2(2556 2557)
2(2557 2558)
2(2558 2559)
2(2559 2560)
2(2560 2561)
2(2561 2562)
2(2562 2563)
2(2563 2564)
2(2564 2565)
2(2565 2566)
2(2566 2567)
2(2567 2568)
2(2568 2569)
2(2569 2570)
2(2570 2571)
2(2571 2572)
2(2572 2573)
2(2573 2574)
2(2574 2575)
2(2575 2576)
2(2576 2577)
2(2577 2578)
2(2578 2579)
2(2579 2580)
2(2580 2581)
2(2581 2582)
2(2582 2583)
2(2583 2584)
2(2584 2585)
2(2585 2586)
2(2586 2587)
2(2587 2588)
2(2588 2589)
2(2589 2590)
2(2590 2591)
2(2591 2592)
2(2592 2593)
2(2593 2594)
2(2594 2595)
2(2595 2596)
2(2596 2597)
2(2597 2598)
2(2598 2599)
2(2599 2600)
2(0 51)
2(51 102)
2(102 153)
2(153 204)
2(204 255)
2(255 306)
2(306 357)
2(357 408)
2(408 459)
2(459 510)
2(510 561)
2(561 612)
2(612 663)
2(663 714)
2(714 765)
2(765 816)
2(816 867)
2(867 918)
2(918 969)
2(969 1020)
2(1020 1071)
2(1071 1122)
2(1122 1173)
2(1173 1224)
2(1224 1275)
2(1275 1326)
2(1326 1377)
2(1377 1428)
2(1428 1479)
2(1479 1530)
2(1530 1581)
2(1581 1632)
2(1632 1683)
2(1683 1734)
2(1734 1785)
2(1785 1836)
2(1836 1887)
2(1887 1938)
2(1938 1989)
2(1989 2040)
2(2040 2091)
2(2091 2142)
2(2142 2193)
2(2193 2244)
2(2244 2295)
2(2295 2346)
2(2346 2397)
2(2397 2448)
2(2448 2499)
2(2499 2550)
2(1 52)
2(52 103)
2(103 154)
2(154 205)
2(205 256)
2(256 307)
2(307 358)
2(358 409)
2(409 460)
2(460 511)
2(511 562)
2(562 613)
2(613 664)
2(664 715)
2(715 766)
2(766 817)
2(817 868)
2(868 919)
2(919 970)
2(970 1021)
2(1021 1072)
2(1072 1123)
2(1123 1174)
2(1174 1225)
2(1225 1276)
2(1276 1327)
2(1327 1378)
2(1378 1429)
2(1429 1480)
2(1480 1531)
2(1531 1582)
2(1582 1633)
2(1633 1684)
2(1684 1735)
2(1735 1786)
2(1786 1837)
2(1837 1888)
2(1888 1939)
2(1939 1990)
2(1990 2041)
2(2041 2092)
2(2092 2143)
2(2143 2194)
2(2194 2245)
2(2245 2296)
2(2296 2347)
2(2347 2398)
2(2398 2449)
2(2449 2500)
2(2500 2551)
2(2 53)
2(53 104)
2(104 155)
2(155 206)
2(206 257)
2(257 308)
2(308 359)
2(359 410)
2(410 461)
2(461 512)
2(512 563)
2(563 614)
2(614 665)
2(665 716)
2(716 767)
2(767 818)
2(818 869)
2(869 920)
2(920 971)
2(971 1022)
2(1022 1073)
2(1073 1124)
2(1124 1175)
2(1175 1226)
2(1226 1277)
2(1277 1328)
2(1328 1379)
2(1379 1430)
2(1430 1481)
2(1481 1532)
2(1532 1583)
2(1583 1634)
2(1634 1685)
2(1685 1736)
2(1736 1787)
2(1787 1838)
2(1838 1889)
2(1889 1940)
2(1940 1991)
2(1991 2042)
2(2042 2093)
2(2093 2144)
2(2144 2195)
2(2195 2246)
2(2246 2297)
2(2297 2348)
2(2348 2399)
2(2399 2450)
2(2450 2501)
2(2501 2552)
2(3 54)
2(54 105)
2(105 156)
2(156 207)
2(207 258)
2(258 309)
2(309 360)
2(360 411)
2(411 462)
2(462 513)
2(513 564)
2(564 615)
2(615 666)
2(666 717)
2(717 768)
2(768 819)
2(819 870)
2(870 921)
2(921 972)
2(972 1023)
2(1023 1074)
2(1074 1125)
2(1125 1176)
2(1176 1227)
2(1227 1278)
2(1278 1329)
2(1329 1380)
2(1380 1431)
2(1431 1482)
2(1482 1533)
2(1533 1584)
2(1584 1635)
2(1635 1686)
2(1686 1737)
2(1737 1788)
2(1788 1839)
2(1839 1890)
2(1890 1941)
2(1941 1992)
2(1992 2043)
2(2043 2094)
2(2094 2145)
2(2145 2196)
2(2196 2247)
2(2247 2298)
2(2298 2349)
2(2349 2400)
2(2400 2451)
2(2451 2502)
2(2502 2553)
2(4 55)
2(55 106)
2(106 157)
2(157 208)
2(208 259)
2(259 310)
2(310 361)
2(361 412)
2(412 463)
2(463 514)
2(514 565)
2(565 616)
2(616 667)
2(667 718)
2(718 769)
2(769 820)
2(820 871)
2(871 922)
2(922 973)
2(973 1024)
2(1024 1075)
2(1075 1126)
2(1126 1177)
2(1177 1228)
2(1228 1279)
2(1279 1330)
2(1330 1381)
2(1381 1432)
2(1432 1483)
2(1483 1534)
2(1534 1585)
2(1585 1636)
2(1636 1687)
2(1687 1738)
2(1738 1789)
2(1789 1840)
2(1840 1891)
2(1891 1942)
2(1942 1993)
2(1993 2044)
2(2044 2095)
2(2095 2146)
2(2146 2197)
2(2197 2248)
2(2248 2299)
2(2299 2350)
2(2350 2401)
2(2401 2452)
2(2452 2503)
2(2503 2554)
2(5 56)
2(56 107)
2(107 158)
2(158 209)
2(209 260)
2(260 311)
2(311 362)
2(362 413)
2(413 464)
2(464 515)
2(515 566)
2(566 617)
2(617 668)
2(668 719)
2(719 770)
2(770 821)
2(821 872)
2(872 923)
2(923 974)
2(974 1025)
2(1025 1076)
2(1076 1127)
2(1127 1178)
2(1178 1229)
2(1229 1280)
2(1280 1331)
2(1331 1382)
2(1382 1433)
2(1433 1484)
2(1484 1535)
2(1535 1586)
2(1586 1637)
2(1637 1688)
2(1688 1739)
2(1739 1790)
2(1790 1841)
2(1841 1892)
2(1892 1943)
2(1943 1994)
2(1994 2045)
2(2045 2096)
2(2096 2147)
2(2147 2198)
2(2198 2249)
2(2249 2300)
2(2300 2351)
2(2351 2402)
2(2402 2453)
2(2453 2504)
2(2504 2555)
2(6 57)
2(57 108)
2(108 159)
2(159 210)
2(210 261)
2(261 312)
2(312 363)
2(363 414)
2(414 465)
2(465 516)
2(516 567)
2(567 618)
2(618 669)
2(669 720)
2(720 771)
2(771 822)
2(822 873)
2(873 924)
2(924 975)
2(975 1026)
2(1026 1077)
2(1077 1128)
2(1128 1179)
2(1179 1230)
2(1230 1281)
2(1281 1332)
2(1332 1383)
2(1383 1434)
2(1434 1485)
2(1485 1536)
2(1536 1587)
2(1587 1638)
2(1638 1689)
2(1689 1740)
2(1740 1791)
2(1791 1842)
2(1842 1893)
2(1893 1944)
2(1944 1995)
2(1995 2046)
2(2046 2097)
2(2097 2148)
2(2148 2199)
2(2199 2250)
2(2250 2301)
2(2301 2352)
2(2352 2403)
2(2403 2454)
2(2454 2505)
2(2505 2556)
2(7 58)
2(58 109)
2(109 160)
2(160 211)
2(211 262)
2(262 313)
2(313 364)
2(364 415)
2(415 466)
2(466 517)
2(517 568)
2(568 619)
2(619 670)
2(670 721)
2(721 772)
2(772 823)
2(823 874)
2(874 925)
2(925 976)
2(976 1027)
2(1027 1078)
2(1078 1129)
2(1129 1180)
2(1180 1231)
2(1231 1282)
2(1282 1333)
2(1333 1384)
2(1384 1435)
2(1435 1486)
2(1486 1537)
2(1537 1588)
2(1588 1639)
2(1639 1690)
2(1690 1741)
2(1741 1792)
2(1792 1843)
2(1843 1894)
2(1894 1945)
2(1945 1996)
2(1996 2047)
2(2047 2098)
2(2098 2149)
2(2149 2200)
2(2200 2251)
2(2251 2302)
2(2302 2353)
2(2353 2404)
2(2404 2455)
2(2455 2506)
2(2506 2557)
2(8 59)
2(59 110)
2(110 161)
2(161 212)
2(212 263)
2(263 314)
2(314 365)
2(365 416)
2(416 467)
2(467 518)
2(518 569)
2(569 620)
2(620 671)
2(671 722)
2(722 773)
2(773 824)
2(824 875)
2(875 926)
2(926 977)
2(977 1028)
2(1028 1079)
2(1079 1130)
2(1130 1181)
2(1181 1232)
2(1232 1283)
2(1283 1334)
2(1334 1385)
2(1385 1436)
2(1436 1487)
2(1487 1538)
2(1538 1589)
2(1589 1640)
2(1640 1691)
2(1691 1742)
2(1742 1793)
2(1793 1844)
2(1844 1895)
2(1895 1946)
2(1946 1997)
2(1997 2048)
2(2048 2099)
2(2099 2150)
2(2150 2201)
2(2201 2252)
2(2252 2303)
2(2303 2354)
2(2354 2405)
2(2405 2456)
2(2456 2507)
2(2507 2558)
2(9 60)
2(60 111)
2(111 162)
2(162 213)
2(213 264)
2(264 315)
2(315 366)
2(366 417)
2(417 468)
2(468 519)
2(519 570)
2(570 621)
2(621 672)
2(672 723)
2(723 774)
2(774 825)
2(825 876)
2(876 927)
2(927 978)
2(978 1029)
2(1029 1080)
2(1080 1131)
2(1131 1182)
2(1182 1233)
2(1233 1284)
2(1284 1335)
2(1335 1386)
2(1386 1437)
2(1437 1488)
2(1488 1539)
2(1539 1590)
2(1590 1641)
2(1641 1692)
2(1692 1743)
2(1743 1794)
2(1794 1845)
2(1845 1896)
2(1896 1947)
2(1947 1998)
2(1998 2049)
2(2049 2100)
2(2100 2151)
2(2151 2202)
2(2202 2253)
2(2253 2304)
2(2304 2355)
2(2355 2406)
2(2406 2457)
2(2457 2508)
2(2508 2559)
2(10 61)
2(61 112)
2(112 163)
2(163 214)
2(214 265)
2(265 316)
2(316 367)
2(367 418)
2(418 469)
2(469 520)
2(520 571)
2(571 622)
2(622 673)
2(673 724)
2(724 775)
2(775 826)
2(826 877)
2(877 928)
2(928 979)
2(979 1030)
2(1030 1081)
2(1081 1132)
2(1132 1183)
2(1183 1234)
2(1234 1285)
2(1285 1336)
2(1336 1387)
2(1387 1438)
2(1438 1489)
2(1489 1540)
2(1540 1591)
2(1591 1642)
2(1642 1693)
2(1693 1744)
2(1744 1795)
2(1795 1846)
2(1846 1897)
2(1897 1948)
2(1948 1999)
2(1999 2050)
2(2050 2101)
2(2101 2152)
2(2152 2203)
2(2203 2254)
2(2254 2305)
2(2305 2356)
2(2356 2407)
2(2407 2458)
2(2458 2509)
2(2509 2560)
2(11 62)
2(62 113)
2(113 164)
2(164 215)
2(215 266)
2(266 317)
2(317 368)
2(368 419)
2(419 470)
2(470 521)
2(521 572)
2(572 623)
2(623 674)
2(674 725)
2(725 776)
2(776 827)
2(827 878)
2(878 929)
2(929 980)
2(980 1031)
2(1031 1082)
2(1082 1133)
2(1133 1184)
2(1184 1235)
2(1235 1286)
2(1286 1337)
2(1337 1388)
2(1388 1439)
2(1439 1490)
2(1490 1541)
2(1541 1592)
2(1592 1643)
2(1643 1694)
2(1694 1745)
2(1745 1796)
2(1796 1847)
2(1847 1898)
2(1898 1949)
2(1949 2000)
2(2000 2051)
2(2051 2102)
2(2102 2153)
2(2153 2204)
2(2204 2255)
2(2255 2306)
2(2306 2357)
2(2357 2408)
2(2408 2459)
2(2459 2510)
2(2510 2561)
2(12 63)
2(63 114)
2(114 165)
2(165 216)
2(216 267)
2(267 318)
2(318 369)
2(369 420)
2(420 471)
2(471 522)
2(522 573)
2(573 624)
2(624 675)
2(675 726)
2(726 777)
2(777 828)
2(828 879)
2(879 930)
2(930 981)
2(981 1032)
2(1032 1083)
2(1083 1134)
2(1134 1185)
2(1185 1236)
2(1236 1287)
2(1287 1338)
2(1338 1389)
2(1389 1440)
2(1440 1491)
2(1491 1542)
2(1542 1593)
2(1593 1644)
2(1644 1695)
2(1695 1746)
2(1746 1797)
2(1797 1848)
2(1848 1899)
2(1899 1950)
2(1950 2001)
2(2001 2052)
2(2052 2103)
2(2103 2154)
2(2154 2205)
2(2205 2256)
2(2256 2307)
2(2307 2358)
2(2358 2409)
2(2409 2460)
2(2460 2511)
2(2511 2562)
2(13 64)
2(64 115)
2(115 166)
2(166 217)
2(217 268)
2(268 319)
2(319 370)
2(370 421)
2(421 472)
2(472 523)
2(523 574)
2(574 625)
2(625 676)
2(676 727)
2(727 778)
2(778 829)
2(829 880)
2(880 931)
2(931 982)
2(982 1033)
2(1033 1084)
2(1084 1135)
2(1135 1186)
2(1186 1237)
2(1237 1288)
2(1288 1339)
2(1339 1390)
2(1390 1441)
2(1441 1492)
2(1492 1543)
2(1543 1594)
2(1594 1645)
2(1645 1696)
2(1696 1747)
2(1747 1798)
2(1798 1849)
2(1849 1900)
2(1900 1951)
2(1951 2002)
2(2002 2053)
2(2053 2104)
2(2104 2155)
2(2155 2206)
2(2206 2257)
2(2257 2308)
2(2308 2359)
2(2359 2410)
2(2410 2461)
2(2461 2512)
2(2512 2563)
2(14 65)
2(65 116)
2(116 167)
2(167 218)
2(218 269)
2(269 320)
2(320 371)
2(371 422)
2(422 473)
2(473 524)
2(524 575)
2(575 626)
2(626 677)
2(677 728)
2(728 779)
2(779 830)
2(830 881)
2(881 932)
2(932 983)
2(983 1034)
2(1034 1085)
2(1085 1136)
2(1136 1187)
2(1187 1238)
2(1238 1289)
2(1289 1340)
2(1340 1391)
2(1391 1442)
2(1442 1493)
2(1493 1544)
2(1544 1595)
2(1595 1646)
2(1646 1697)
2(1697 1748)
2(1748 1799)
2(1799 1850)
2(1850 1901)
2(1901 1952)
2(1952 2003)
2(2003 2054)
2(2054 2105)
2(2105 2156)
2(2156 2207)
2(2207 2258)
2(2258 2309)
2(2309 2360)
2(2360 2411)
2(2411 2462)
2(2462 2513)
2(2513 2564)
2(15 66)
2(66 117)
2(117 168)
2(168 219)
2(219 270)
2(270 321)
2(321 372)
2(372 423)
2(423 474)
2(474 525)
2(525 576)
2(576 627)
2(627 678)
2(678 729)
2(729 780)
2(780 831)
2(831 882)
2(882 933)
2(933 984)
2(984 1035)
2(1035 1086)
2(1086 1137)
2(1137 1188)
2(1188 1239)
2(1239 1290)
2(1290 1341)
2(1341 1392)
2(1392 1443)
2(1443 1494)
2(1494 1545)
2(1545 1596)
2(1596 1647)
2(1647 1698)
2(1698 1749)
2(1749 1800)
2(1800 1851)
2(1851 1902)
2(1902 1953)
2(1953 2004)
2(2004 2055)
2(2055 2106)
2(2106 2157)
2(2157 2208)
2(2208 2259)
2(2259 2310)
2(2310 2361)
2(2361 2412)
2(2412 2463)
2(2463 2514)
2(2514 2565)
2(16 67)
2(67 118)
2(118 169)
2(169 220)
2(220 271)
2(271 322)
2(322 373)
2(373 424)
2(424 475)
2(475 526)
2(526 577)
2(577 628)
2(628 679)
2(679 730)
2(730 781)
2(781 832)
2(832 883)
2(883 934)
2(934 985)
2(985 1036)
2(1036 1087)
2(1087 1138)
2(1138 1189)
2(1189 1240)
2(1240 1291)
2(1291 1342)
2(1342 1393)
2(1393 1444)
2(1444 1495)
2(1495 1546)
2(1546 1597)
2(1597 1648)
2(1648 1699)
2(1699 1750)
2(1750 1801)
2(1801 1852)
2(1852 1903)
2(1903 1954)
2(1954 2005)
2(2005 2056)
2(2056 2107)
2(2107 2158)
2(2158 2209)
2(2209 2260)
2(2260 2311)
2(2311 2362)
2(2362 2413)
2(2413 2464)
2(2464 2515)
2(2515 2566)
2(17 68)
2(68 119)
2(119 170)
2(170 221)
2(221 272)
2(272 323)
2(323 374)
2(374 425)
2(425 476)
2(476 527)
2(527 578)
2(578 629)
2(629 680)
2(680 731)
2(731 782)
2(782 833)
2(833 884)
2(884 935)
2(935 986)
2(986 1037)
2(1037 1088)
2(1088 1139)
2(1139 1190)
2(1190 1241)
2(1241 1292)
2(1292 1343)
2(1343 1394)
2(1394 1445)
2(1445 1496)
2(1496 1547)
2(1547 1598)
2(1598 1649)
2(1649 1700)
2(1700 1751)
2(1751 1802)
2(1802 1853)
2(1853 1904)
2(1904 1955)
2(1955 2006)
2(2006 2057)
2(2057 2108)
2(2108 2159)
2(2159 2210)
2(2210 2261)
2(2261 2312)
2(2312 2363)
2(2363 2414)
2(2414 2465)
2(2465 2516)
2(2516 2567)
2(18 69)
2(69 120)
2(120 171)
2(171 222)
2(222 273)
2(273 324)
2(324 375)
2(375 426)
2(426 477)
2(477 528)
2(528 579)
2(579 630)
2(630 681)
2(681 732)
2(732 783)
2(783 834)
2(834 885)
2(885 936)
2(936 987)
2(987 1038)
2(1038 1089)
2(1089 1140)
2(1140 1191)
2(1191 1242)
2(1242 1293)
2(1293 1344)
2(1344 1395)
2(1395 1446)
2(1446 1497)
2(1497 1548)
2(1548 1599)
2(1599 1650)
2(1650 1701)
2(1701 1752)
2(1752 1803)
2(1803 1854)
2(1854 1905)
2(1905 1956)
2(1956 2007)
2(2007 2058)
2(2058 2109)
2(2109 2160)
2(2160 2211)
2(2211 2262)
2(2262 2313)
2(2313 2364)
2(2364 2415)
2(2415 2466)
2(2466 2517)
2(2517 2568)
2(19 70)
2(70 121)
2(121 172)
2(172 223)
2(223 274)
2(274 325)
2(325 376)
2(376 427)
2(427 478)
2(478 529)
2(529 580)
2(580 631)
2(631 682)
2(682 733)
2(733 784)
2(784 835)
2(835 886)
2(886 937)
2(937 988)
2(988 1039)
2(1039 1090)
2(1090 1141)
2(1141 1192)
2(1192 1243)
2(1243 1294)
2(1294 1345)
2(1345 1396)
2(1396 1447)
2(1447 1498)
2(1498 1549)
2(1549 1600)
2(1600 1651)
2(1651 1702)
2(1702 1753)
2(1753 1804)
2(1804 1855)
2(1855 1906)
2(1906 1957)
2(1957 2008)
2(2008 2059)
2(2059 2110)
2(2110 2161)
2(2161 2212)
2(2212 2263)
2(2263 2314)
2(2314 2365)
2(2365 2416)
2(2416 2467)
2(2467 2518)
2(2518 2569)
2(20 71)
2(71 122)
2(122 173)
2(173 224)
2(224 275)
2(275 326)
2(326 377)
2(377 428)
2(428 479)
2(479 530)
2(530 581)
2(581 632)
2(632 683)
2(683 734)
2(734 785)
2(785 836)
2(836 887)
2(887 938)
2(938 989)
2(989 1040)
2(1040 1091)
2(1091 1142)
2(1142 1193)
2(1193 1244)
2(1244 1295)
2(1295 1346)
2(1346 1397)
2(1397 1448)
2(1448 1499)
2(1499 1550)
2(1550 1601)
2(1601 1652)
2(1652 1703)
2(1703 1754)
2(1754 1805)
2(1805 1856)
2(1856 1907)
2(1907 1958)
2(1958 2009)
2(2009 2060)
2(2060 2111)
2(2111 2162)
2(2162 2213)
2(2213 2264)
2(2264 2315)
2(2315 2366)
2(2366 2417)
2(2417 2468)
2(2468 2519)
2(2519 2570)
2(21 72)
2(72 123)
2(123 174)
2(174 225)
2(225 276)
2(276 327)
2(327 378)
2(378 429)
2(429 480)
2(480 531)
2(531 582)
2(582 633)
2(633 684)
2(684 735)
2(735 786)
2(786 837)
2(837 888)
2(888 939)
2(939 990)
2(990 1041)
2(1041 1092)
2(1092 1143)
2(1143 1194)
2(1194 1245)
2(1245 1296)
2(1296 1347)
2(1347 1398)
2(1398 1449)
2(1449 1500)
2(1500 1551)
2(1551 1602)
2(1602 1653)
2(1653 1704)
2(1704 1755)
2(1755 1806)
2(1806 1857)
2(1857 1908)
2(1908 1959)
2(1959 2010)
2(2010 2061)
2(2061 2112)
2(2112 2163)
2(2163 2214)
2(2214 2265)
2(2265 2316)
2(2316 2367)
2(2367 2418)
2(2418 2469)
2(2469 2520)
2(2520 2571)
2(22 73)
2(73 124)
2(124 175)
2(175 226)
2(226 277)
2(277 328)
2(328 379)
2(379 430)
2(430 481)
2(481 532)
2(532 583)
2(583 634)
2(634 685)
2(685 736)
2(736 787)
2(787 838)
2(838 889)
2(889 940)
2(940 991)
2(991 1042)
2(1042 1093)
2(1093 1144)
2(1144 1195)
2(1195 1246)
2(1246 1297)
2(1297 1348)
2(1348 1399)
2(1399 1450)
2(1450 1501)
2(1501 1552)
2(1552 1603)
2(1603 1654)
2(1654 1705)
2(1705 1756)
2(1756 1807)
2(1807 1858)
2(1858 1909)
2(1909 1960)
2(1960 2011)
2(2011 2062)
2(2062 2113)
2(2113 2164)
2(2164 2215)
2(2215 2266)
2(2266 2317)
2(2317 2368)
2(2368 2419)
2(2419 2470)
2(2470 2521)
2(2521 2572)
2(23 74)
2(74 125)
2(125 176)
2(176 227)
2(227 278)
2(278 329)
2(329 380)
2(380 431)
2(431 482)
2(482 533)
2(533 584)
2(584 635)
2(635 686)
2(686 737)
2(737 788)
2(788 839)
2(839 890)
2(890 941)
2(941 992)
2(992 1043)
2(1043 1094)
2(1094 1145)
2(1145 1196)
2(1196 1247)
2(1247 1298)
2(1298 1349)
2(1349 1400)
2(1400 1451)
2(1451 1502)
2(1502 1553)
2(1553 1604)
2(1604 1655)
2(1655 1706)
2(1706 1757)
2(1757 1808)
2(1808 1859)
2(1859 1910)
2(1910 1961)
2(1961 2012)
2(2012 2063)
2(2063 2114)
2(2114 2165)
2(2165 2216)
2(2216 2267)
2(2267 2318)
2(2318 2369)
2(2369 2420)
2(2420 2471)
2(2471 2522)
2(2522 2573)
2(24 75)
2(75 126)
2(126 177)
2(177 228)
2(228 279)
2(279 330)
2(330 381)
2(381 432)
2(432 483)
2(483 534)
2(534 585)
2(585 636)
2(636 687)
2(687 738)
2(738 789)
2(789 840)
2(840 891)
2(891 942)
2(942 993)
2(993 1044)
2(1044 1095)
2(1095 1146)
2(1146 1197)
2(1197 1248)
2(1248 1299)
2(1299 1350)
2(1350 1401)
2(1401 1452)
2(1452 1503)
2(1503 1554)
2(1554 1605)
2(1605 1656)
2(1656 1707)
2(1707 1758)
2(1758 1809)
2(1809 1860)
2(1860 1911)
2(1911 1962)
2(1962 2013)
2(2013 2064)
2(2064 2115)
2(2115 2166)
2(2166 2217)
2(2217 2268)
2(2268 2319)
2(2319 2370)
2(2370 2421)
2(2421 2472)
2(2472 2523)
2(2523 2574)
2(25 76)
2(76 127)
2(127 178)
2(178 229)
2(229 280)
2(280 331)
2(331 382)
2(382 433)
2(433 484)
2(484 535)
2(535 586)
2(586 637)
2(637 688)
2(688 739)
2(739 790)
2(790 841)
2(841 892)
2(892 943)
2(943 994)
2(994 1045)
2(1045 1096)
2(1096 1147)
2(1147 1198)
2(1198 1249)
2(1249 1300)
2(1300 1351)
2(1351 1402)
2(1402 1453)
2(1453 1504)
2(1504 1555)
2(1555 1606)
2(1606 1657)
2(1657 1708)
2(1708 1759)
2(1759 1810)
2(1810 1861)
2(1861 1912)
2(1912 1963)
2(1963 2014)
2(2014 2065)
2(2065 2116)
2(2116 2167)
2(2167 2218)
2(2218 2269)
2(2269 2320)
2(2320 2371)
2(2371 2422)
2(2422 2473)
2(2473 2524)
2(2524 2575)
2(26 77)
2(77 128)
2(128 179)
2(179 230)
2(230 281)
2(281 332)
2(332 383)
2(383 434)
2(434 485)
2(485 536)
2(536 587)
2(587 638)
2(638 689)
2(689 740)
2(740 791)
2(791 842)
2(842 893)
2(893 944)
2(944 995)
2(995 1046)
2(1046 1097)
2(1097 1148)
2(1148 1199)
2(1199 1250)
2(1250 1301)
2(1301 1352)
2(1352 1403)
2(1403 1454)
2(1454 1505)
2(1505 1556)
2(1556 1607)
2(1607 1658)
2(1658 1709)
2(1709 1760)
2(1760 1811)
2(1811 1862)
2(1862 1913)
2(1913 1964)
2(1964 2015)
2(2015 2066)
2(2066 2117)
2(2117 2168)
2(2168 2219)
2(2219 2270)
2(2270 2321)
2(2321 2372)
2(2372 2423)
2(2423 2474)
2(2474 2525)
2(2525 2576)
2(27 78)
2(78 129)
2(129 180)
2(180 231)
2(231 282)
2(282 333)
2(333 384)
2(384 435)
2(435 486)
2(486 537)
2(537 588)
2(588 639)
2(639 690)
2(690 741)
2(741 792)
2(792 843)
2(843 894)
2(894 945)
2(945 996)
2(996 1047)
2(1047 1098)
2(1098 1149)
2(1149 1200)
2(1200 1251)
2(1251 1302)
2(1302 1353)
2(1353 1404)
2(1404 1455)
2(1455 1506)
2(1506 1557)
2(1557 1608)
2(1608 1659)
2(1659 1710)
2(1710 1761)
2(1761 1812)
2(1812 1863)
2(1863 1914)
2(1914 1965)
2(1965 2016)
2(2016 2067)
2(2067 2118)
2(2118 2169)
2(2169 2220)
2(2220 2271)
2(2271 2322)
2(2322 2373)
2(2373 2424)
2(2424 2475)
2(2475 2526)
2(2526 2577)
2(28 79)
2(79 130)
2(130 181)
2(181 232)
2(232 283)
2(283 334)
2(334 385)
2(385 436)
2(436 487)
2(487 538)
2(538 589)
2(589 640)
2(640 691)
2(691 742)
2(742 793)
2(793 844)
2(844 895)
2(895 946)
2(946 997)
2(997 1048)
2(1048 1099)
2(1099 1150)
2(1150 1201)
2(1201 1252)
2(1252 1303)
2(1303 1354)
2(1354 1405)
2(1405 1456)
2(1456 1507)
2(1507 1558)
2(1558 1609)
2(1609 1660)
2(1660 1711)
2(1711 1762)
2(1762 1813)
2(1813 1864)
2(1864 1915)
2(1915 1966)
2(1966 2017)
2(2017 2068)
2(2068 2119)
2(2119 2170)
2(2170 2221)
2(2221 2272)
2(2272 2323)
2(2323 2374)
2(2374 2425)
2(2425 2476)
2(2476 2527)
2(2527 2578)
2(29 80)
2(80 131)
2(131 182)
2(182 233)
2(233 284)
2(284 335)
2(335 386)
2(386 437)
2(437 488)
2(488 539)
2(539 590)
2(590 641)
2(641 692)
2(692 743)
2(743 794)
2(794 845)
2(845 896)
2(896 947)
2(947 998)
2(998 1049)
2(1049 1100)
2(1100 1151)
2(1151 1202)
2(1202 1253)
2(1253 1304)
2(1304 1355)
2(1355 1406)
2(1406 1457)
2(1457 1508)
2(1508 1559)
2(1559 1610)
2(1610 1661)
2(1661 1712)
2(1712 1763)
2(1763 1814)
2(1814 1865)
2(1865 1916)
2(1916 1967)
2(1967 2018)
2(2018 2069)
2(2069 2120)
2(2120 2171)
2(2171 2222)
2(2222 2273)
2(2273 2324)
2(2324 2375)
2(2375 2426)
2(2426 2477)
2(2477 2528)
2(2528 2579)
2(30 81)
2(81 132)
2(132 183)
2(183 234)
2(234 285)
2(285 336)
2(336 387)
2(387 438)
2(438 489)
2(489 540)
2(540 591)
2(591 642)
2(642 693)
2(693 744)
2(744 795)
2(795 846)
2(846 897)
2(897 948)
2(948 999)
2(999 1050)
2(1050 1101)
2(1101 1152)
2(1152 1203)
2(1203 1254)
2(1254 1305)
2(1305 1356)
2(1356 1407)
2(1407 1458)
2(1458 1509)
2(1509 1560)
2(1560 1611)
2(1611 1662)
2(1662 1713)
2(1713 1764)
2(1764 1815)
2(1815 1866)
2(1866 1917)
2(1917 1968)
2(1968 2019)
2(2019 2070)
2(2070 2121)
2(2121 2172)
2(2172 2223)
2(2223 2274)
2(2274 2325)
2(2325 2376)
2(2376 2427)
2(2427 2478)
2(2478 2529)
2(2529 2580)
2(31 82)
2(82 133)
2(133 184)
2(184 235)
2(235 286)
2(286 337)
2(337 388)
2(388 439)
2(439 490)
2(490 541)
2(541 592)
2(592 643)
2(643 694)
2(694 745)
2(745 796)
2(796 847)
2(847 898)
2(898 949)
2(949 1000)
2(1000 1051)
2(1051 1102)
2(1102 1153)
2(1153 1204)
2(1204 1255)
2(1255 1306)
2(1306 1357)
2(1357 1408)
2(1408 1459)
2(1459 1510)
2(1510 1561)
2(1561 1612)
2(1612 1663)
2(1663 1714)
2(1714 1765)
2(1765 1816)
2(1816 1867)
2(1867 1918)
2(1918 1969)
2(1969 2020)
2(2020 2071)
2(2071 2122)
2(2122 2173)
2(2173 2224)
2(2224 2275)
2(2275 2326)
2(2326 2377)
2(2377 2428)
2(2428 2479)
2(2479 2530)
2(2530 2581)
2(32 83)
2(83 134)
2(134 185)
2(185 236)
2(236 287)
2(287 338)
2(338 389)
2(389 440)
2(440 491)
2(491 542)
2(542 593)
2(593 644)
2(644 695)
2(695 746)
2(746 797)
2(797 848)
2(848 899)
2(899 950)
2(950 1001)
2(1001 1052)
2(1052 1103)
2(1103 1154)
2(1154 1205)
2(1205 1256)
2(1256 1307)
2(1307 1358)
2(1358 1409)
2(1409 1460)
2(1460 1511)
2(1511 1562)
2(1562 1613)
2(1613 1664)
2(1664 1715)
2(1715 1766)
2(1766 1817)
2(1817 1868)
2(1868 1919)
2(1919 1970)
2(1970 2021)
2(2021 2072)
2(2072 2123)
2(2123 2174)
2(2174 2225)
2(2225 2276)
2(2276 2327)
2(2327 2378)
2(2378 2429)
2(2429 2480)
2(2480 2531)
2(2531 2582)
2(33 84)
2(84 135)
2(135 186)
2(186 237)
2(237 288)
2(288 339)
2(339 390)
2(390 441)
2(441 492)
2(492 543)
2(543 594)
2(594 645)
2(645 696)
2(696 747)
2(747 798)
2(798 849)
2(849 900)
2(900 951)
2(951 1002)
2(1002 1053)
2(1053 1104)
2(1104 1155)
2(1155 1206)
2(1206 1257)
2(1257 1308)
2(1308 1359)
2(1359 1410)
2(1410 1461)
2(1461 1512)
2(1512 1563)
2(1563 1614)
2(1614 1665)
2(1665 1716)
2(1716 1767)
2(1767 1818)
2(1818 1869)
2(1869 1920)
2(1920 1971)
2(1971 2022)
2(2022 2073)
2(2073 2124)
2(2124 2175)
2(2175 2226)
2(2226 2277)
2(2277 2328)
2(2328 2379)
2(2379 2430)
2(2430 2481)
2(2481 2532)
2(2532 2583)
2(34 85)
2(85 136)
2(136 187)
2(187 238)
2(238 289)
2(289 340)
2(340 391)
2(391 442)
2(442 493)
2(493 544)
2(544 595)
2(595 646)
2(646 697)
2(697 748)
2(748 799)
2(799 850)
2(850 901)
2(901 952)
2(952 1003)
2(1003 1054)
2(1054 1105)
2(1105 1156)
2(1156 1207)
2(1207 1258)
2(1258 1309)
2(1309 1360)
2(1360 1411)
2(1411 1462)
2(1462 1513)
2(1513 1564)
2(1564 1615)
2(1615 1666)
2(1666 1717)
2(1717 1768)
2(1768 1819)
2(1819 1870)
2(1870 1921)
2(1921 1972)
2(1972 2023)
2(2023 2074)
2(2074 2125)
2(2125 2176)
2(2176 2227)
2(2227 2278)
2(2278 2329)
2(2329 2380)
2(2380 2431)
2(2431 2482)
2(2482 2533)
2(2533 2584)
2(35 86)
2(86 137)
2(137 188)
2(188 239)
2(239 290)
2(290 341)
2(341 392)
2(392 443)
2(443 494)
2(494 545)
2(545 596)
2(596 647)
2(647 698)
2(698 749)
2(749 800)
2(800 851)
2(851 902)
2(902 953)
2(953 1004)
2(1004 1055)
2(1055 1106)
2(1106 1157)
2(1157 1208)
2(1208 1259)
2(1259 1310)
2(1310 1361)
2(1361 1412)
2(1412 1463)
2(1463 1514)
2(1514 1565)
2(1565 1616)
2(1616 1667)
2(1667 1718)
2(1718 1769)
2(1769 1820)
2(1820 1871)
2(1871 1922)
2(1922 1973)
2(1973 2024)
2(2024 2075)
2(2075 2126)
2(2126 2177)
2(2177 2228)
2(2228 2279)
2(2279 2330)
2(2330 2381)
2(2381 2432)
2(2432 2483)
2(2483 2534)
2(2534 2585)
2(36 87)
2(87 138)
2(138 189)
2(189 240)
2(240 291)
2(291 342)
2(342 393)
2(393 444)
2(444 495)
2(495 546)
2(546 597)
2(597 648)
2(648 699)
2(699 750)
2(750 801)
2(801 852)
2(852 903)
2(903 954)
2(954 1005)
2(1005 1056)
2(1056 1107)
2(1107 1158)
2(1158 1209)
2(1209 1260)
2(1260 1311)
2(1311 1362)
2(1362 1413)
2(1413 1464)
2(1464 1515)
2(1515 1566)
2(1566 1617)
2(1617 1668)
2(1668 1719)
2(1719 1770)
2(1770 1821)
2(1821 1872)
2(1872 1923)
2(1923 1974)
2(1974 2025)
2(2025 2076)
2(2076 2127)
2(2127 2178)
2(2178 2229)
2(2229 2280)
2(2280 2331)
2(2331 2382)
2(2382 2433)
2(2433 2484)
2(2484 2535)
2(2535 2586)
2(37 88)
2(88 139)
2(139 190)
2(190 241)
2(241 292)
2(292 343)
2(343 394)
2(394 445)
2(445 496)
2(496 547)
2(547 598)
2(598 649)
2(649 700)
2(700 751)
2(751 802)
2(802 853)
2(853 904)
2(904 955)
2(955 1006)
2(1006 1057)
2(1057 1108)
2(1108 1159)
2(1159 1210)
2(1210 1261)
2(1261 1312)
2(1312 1363)
2(1363 1414)
2(1414 1465)
2(1465 1516)
2(1516 1567)
2(1567 1618)
2(1618 1669)
2(1669 1720)
2(1720 1771)
2(1771 1822)
2(1822 1873)
2(1873 1924)
2(1924 1975)
2(1975 2026)
2(2026 2077)
2(2077 2128)
2(2128 2179)
2(2179 2230)
2(2230 2281)
2(2281 2332)
2(2332 2383)
2(2383 2434)
2(2434 2485)
2(2485 2536)
2(2536 2587)
2(38 89)
2(89 140)
2(140 191)
2(191 242)
2(242 293)
2(293 344)
2(344 395)
2(395 446)
2(446 497)
2(497 548)
2(548 599)
2(599 650)
2(650 701)
2(701 752)
2(752 803)
2(803 854)
2(854 905)
2(905 956)
2(956 1007)
2(1007 1058)
2(1058 1109)
2(1109 1160)
2(1160 1211)
2(1211 1262)
2(1262 1313)
2(1313 1364)
2(1364 1415)
2(1415 1466)
2(1466 1517)
2(1517 1568)
2(1568 1619)
2(1619 1670)
2(1670 1721)
2(1721 1772)
2(1772 1823)
2(1823 1874)
2(1874 1925)
2(1925 1976)
2(1976 2027)
2(2027 2078)
2(2078 2129)
2(2129 2180)
2(2180 2231)
2(2231 2282)
2(2282 2333)
2(2333 2384)
2(2384 2435)
2(2435 2486)
2(2486 2537)
2(2537 2588)
2(39 90)
2(90 141)
2(141 192)
2(192 243)
2(243 294)
2(294 345)
2(345 396)
2(396 447)
2(447 498)
2(498 549)
2(549 600)
2(600 651)
2(651 702)
2(702 753)
2(753 804)
2(804 855)
2(855 906)
2(906 957)
2(957 1008)
2(1008 1059)
2(1059 1110)
2(1110 1161)
2(1161 1212)
2(1212 1263)
2(1263 1314)
2(1314 1365)
2(1365 1416)
2(1416 1467)
2(1467 1518)
2(1518 1569)
2(1569 1620)
2(1620 1671)
2(1671 1722)
2(1722 1773)
2(1773 1824)
2(1824 1875)
2(1875 1926)
2(1926 1977)
2(1977 2028)
2(2028 2079)
2(2079 2130)
2(2130 2181)
2(2181 2232)
2(2232 2283)
2(2283 2334)
2(2334 2385)
2(2385 2436)
2(2436 2487)
2(2487 2538)
2(2538 2589)
2(40 91)
2(91 142)
2(142 193)
2(193 244)
2(244 295)
2(295 346)
2(346 397)
2(397 448)
2(448 499)
2(499 550)
2(550 601)
2(601 652)
2(652 703)
2(703 754)
2(754 805)
2(805 856)
2(856 907)
2(907 958)
2(958 1009)
2(1009 1060)
2(1060 1111)
2(1111 1162)
2(1162 1213)
2(1213 1264)
2(1264 1315)
2(1315 1366)
2(1366 1417)
2(1417 1468)
2(1468 1519)
2(1519 1570)
2(1570 1621)
2(1621 1672)
2(1672 1723)
2(1723 1774)
2(1774 1825)
2(1825 1876)
2(1876 1927)
2(1927 1978)
2(1978 2029)
2(2029 2080)
2(2080 2131)
2(2131 2182)
2(2182 2233)
2(2233 2284)
2(2284 2335)
2(2335 2386)
2(2386 2437)
2(2437 2488)
2(2488 2539)
2(2539 2590)
2(41 92)
2(92 143)
2(143 194)
2(194 245)
2(245 296)
2(296 347)
2(347 398)
2(398 449)
2(449 500)
2(500 551)
2(551 602)
2(602 653)
2(653 704)
2(704 755)
2(755 806)
2(806 857)
2(857 908)
2(908 959)
2(959 1010)
2(1010 1061)
2(1061 1112)
2(1112 1163)
2(1163 1214)
2(1214 1265)
2(1265 1316)
2(1316 1367)
2(1367 1418)
2(1418 1469)
2(1469 1520)
2(1520 1571)
2(1571 1622)
2(1622 1673)
2(1673 1724)
2(1724 1775)
2(1775 1826)
2(1826 1877)
2(1877 1928)
2(1928 1979)
2(1979 2030)
2(2030 2081)
2(2081 2132)
2(2132 2183)
2(2183 2234)
2(2234 2285)
2(2285 2336)
2(2336 2387)
2(2387 2438)
2(2438 2489)
2(2489 2540)
2(2540 2591)
2(42 93)
2(93 144)
2(144 195)
2(195 246)
2(246 297)
2(297 348)
2(348 399)
2(399 450)
2(450 501)
2(501 552)
2(552 603)
2(603 654)
2(654 705)
2(705 756)
2(756 807)
2(807 858)
2(858 909)
2(909 960)
2(960 1011)
2(1011 1062)
2(1062 1113)
2(1113 1164)
2(1164 1215)
2(1215 1266)
2(1266 1317)
2(1317 1368)
2(1368 1419)
2(1419 1470)
2(1470 1521)
2(1521 1572)
2(1572 1623)
2(1623 1674)
2(1674 1725)
2(1725 1776)
2(1776 1827)
2(1827 1878)
2(1878 1929)
2(1929 1980)
2(1980 2031)
2(2031 2082)
2(2082 2133)
2(2133 2184)
2(2184 2235)
2(2235 2286)
2(2286 2337)
2(2337 2388)
2(2388 2439)
2(2439 2490)
2(2490 2541)
2(2541 2592)
2(43 94)
2(94 145)
2(145 196)
2(196 247)
2(247 298)
2(298 349)
2(349 400)
2(400 451)
2(451 502)
2(502 553)
2(553 604)
2(604 655)
2(655 706)
2(706 757)
2(757 808)
2(808 859)
2(859 910)
2(910 961)
2(961 1012)
2(1012 1063)
2(1063 1114)
2(1114 1165)
2(1165 1216)
2(1216 1267)
2(1267 1318)
2(1318 1369)
2(1369 1420)
2(1420 1471)
2(1471 1522)
2(1522 1573)
2(1573 1624)
2(1624 1675)
2(1675 1726)
2(1726 1777)
2(1777 1828)
2(1828 1879)
2(1879 1930)
2(1930 1981)
2(1981 2032)
2(2032 2083)
2(2083 2134)
2(2134 2185)
2(2185 2236)
2(2236 2287)
2(2287 2338)
2(2338 2389)
2(2389 2440)
2(2440 2491)
2(2491 2542)
2(2542 2593)
2(44 95)
2(95 146)
2(146 197)
2(197 248)
2(248 299)
2(299 350)
2(350 401)
2(401 452)
2(452 503)
2(503 554)
2(554 605)
2(605 656)
2(656 707)
2(707 758)
2(758 809)
2(809 860)
2(860 911)
2(911 962)
2(962 1013)
2(1013 1064)
2(1064 1115)
2(1115 1166)
2(1166 1217)
2(1217 1268)
2(1268 1319)
2(1319 1370)
2(1370 1421)
2(1421 1472)
2(1472 1523)
2(1523 1574)
2(1574 1625)
2(1625 1676)
2(1676 1727)
2(1727 1778)
2(1778 1829)
2(1829 1880)
2(1880 1931)
2(1931 1982)
2(1982 2033)
2(2033 2084)
2(2084 2135)
2(2135 2186)
2(2186 2237)
2(2237 2288)
2(2288 2339)
2(2339 2390)
2(2390 2441)
2(2441 2492)
2(2492 2543)
2(2543 2594)
2(45 96)
2(96 147)
2(147 198)
2(198 249)
2(249 300)
2(300 351)
2(351 402)
2(402 453)
2(453 504)
2(504 555)
2(555 606)
2(606 657)
2(657 708)
2(708 759)
2(759 810)
2(810 861)
2(861 912)
2(912 963)
2(963 1014)
2(1014 1065)
2(1065 1116)
2(1116 1167)
2(1167 1218)
2(1218 1269)
2(1269 1320)
2(1320 1371)
2(1371 1422)
2(1422 1473)
2(1473 1524)
2(1524 1575)
2(1575 1626)
2(1626 1677)
2(1677 1728)
2(1728 1779)
2(1779 1830)
2(1830 1881)
2(1881 1932)
2(1932 1983)
2(1983 2034)
2(2034 2085)
2(2085 2136)
2(2136 2187)
2(2187 2238)
2(2238 2289)
2(2289 2340)
2(2340 2391)
2(2391 2442)
2(2442 2493)
2(2493 2544)
2(2544 2595)
2(46 97)
2(97 148)
2(148 199)
2(199 250)
2(250 301)
2(301 352)
2(352 403)
2(403 454)
2(454 505)
2(505 556)
2(556 607)
2(607 658)
2(658 709)
2(709 760)
2(760 811)
2(811 862)
2(862 913)
2(913 964)
2(964 1015)
2(1015 1066)
2(1066 1117)
2(1117 1168)
2(1168 1219)
2(1219 1270)
2(1270 1321)
2(1321 1372)
2(1372 1423)
2(1423 1474)
2(1474 1525)
2(1525 1576)
2(1576 1627)
2(1627 1678)
2(1678 1729)
2(1729 1780)
2(1780 1831)
2(1831 1882)
2(1882 1933)
2(1933 1984)
2(1984 2035)
2(2035 2086)
2(2086 2137)
2(2137 2188)
2(2188 2239)
2(2239 2290)
2(2290 2341)
2(2341 2392)
2(2392 2443)
2(2443 2494)
2(2494 2545)
2(2545 2596)
2(47 98)
2(98 149)
2(149 200)
2(200 251)
2(251 302)
2(302 353)
2(353 404)
2(404 455)
2(455 506)
2(506 557)
2(557 608)
2(608 659)
2(659 710)
2(710 761)
2(761 812)
2(812 863)
2(863 914)
2(914 965)
2(965 1016)
2(1016 1067)
2(1067 1118)
2(1118 1169)
2(1169 1220)
2(1220 1271)
2(1271 1322)
2(1322 1373)
2(1373 1424)
2(1424 1475)
2(1475 1526)
2(1526 1577)
2(1577 1628)
2(1628 1679)
2(1679 1730)
2(1730 1781)
2(1781 1832)
2(1832 1883)
2(1883 1934)
2(1934 1985)
2(1985 2036)
2(2036 2087)
2(2087 2138)
2(2138 2189)
2(2189 2240)
2(2240 2291)
2(2291 2342)
2(2342 2393)
2(2393 2444)
2(2444 2495)
2(2495 2546)
2(2546 2597)
2(48 99)
2(99 150)
2(150 201)
2(201 252)
2(252 303)
2(303 354)
2(354 405)
2(405 456)
2(456 507)
2(507 558)
2(558 609)
2(609 660)
2(660 711)
2(711 762)
2(762 813)
2(813 864)
2(864 915)
2(915 966)
2(966 1017)
2(1017 1068)
2(1068 1119)
2(1119 1170)
2(1170 1221)
2(1221 1272)
2(1272 1323)
2(1323 1374)
2(1374 1425)
2(1425 1476)
2(1476 1527)
2(1527 1578)
2(1578 1629)
2(1629 1680)
2(1680 1731)
2(1731 1782)
2(1782 1833)
2(1833 1884)
2(1884 1935)
2(1935 1986)
2(1986 2037)
2(2037 2088)
2(2088 2139)
2(2139 2190)
2(2190 2241)
2(2241 2292)
2(2292 2343)
2(2343 2394)
2(2394 2445)
2(2445 2496)
2(2496 2547)
2(2547 2598)
2(49 100)
2(100 151)
2(151 202)
2(202 253)
2(253 304)
2(304 355)
2(355 406)
2(406 457)
2(457 508)
2(508 559)
2(559 610)
2(610 661)
2(661 712)
2(712 763)
2(763 814)
2(814 865)
2(865 916)
2(916 967)
2(967 1018)
2(1018 1069)
2(1069 1120)
2(1120 1171)
2(1171 1222)
2(1222 1273)
2(1273 1324)
2(1324 1375)
2(1375 1426)
2(1426 1477)
2(1477 1528)
2(1528 1579)
2(1579 1630)
2(1630 1681)
2(1681 1732)
2(1732 1783)
2(1783 1834)
2(1834 1885)
2(1885 1936)
2(1936 1987)
2(1987 2038)
2(2038 2089)
2(2089 2140)
2(2140 2191)
2(2191 2242)
2(2242 2293)
2(2293 2344)
2(2344 2395)
2(2395 2446)
2(2446 2497)
2(2497 2548)
2(2548 2599)
2(50 101)
2(101 152)
2(152 203)
2(203 254)
2(254 305)
2(305 356)
2(356 407)
2(407 458)
2(458 509)
2(509 560)
2(560 611)
2(611 662)
2(662 713)
2(713 764)
2(764 815)
2(815 866)
2(866 917)
2(917 968)
2(968 1019)
2(1019 1070)
2(1070 1121)
2(1121 1172)
2(1172 1223)
2(1223 1274)
2(1274 1325)
2(1325 1376)
2(1376 1427)
2(1427 1478)
2(1478 1529)
2(1529 1580)
2(1580 1631)
2(1631 1682)
2(1682 1733)
2(1733 1784)
2(1784 1835)
2(1835 1886)
2(1886 1937)
2(1937 1988)
2(1988 2039)
2(2039 2090)
2(2090 2141)
2(2141 2192)
2(2192 2243)
2(2243 2294)
2(2294 2345)
2(2345 2396)
2(2396 2447)
2(2447 2498)
2(2498 2549)
2(2549 2600)
)
