3600
(
4(0 3720 60 3660)
4(1 3780 61 3720)
4(2 3840 62 3780)
4(3 3900 63 3840)
4(4 3960 64 3900)
4(5 4020 65 3960)
4(6 4080 66 4020)
4(7 4140 67 4080)
4(8 4200 68 4140)
4(9 4260 69 4200)
4(10 4320 70 4260)
4(11 4380 71 4320)
4(12 4440 72 4380)
4(13 4500 73 4440)
4(14 4560 74 4500)
4(15 4620 75 4560)
4(16 4680 76 4620)
4(17 4740 77 4680)
4(18 4800 78 4740)
4(19 4860 79 4800)
4(20 4920 80 4860)
4(21 4980 81 4920)
4(22 5040 82 4980)
4(23 5100 83 5040)
4(24 5160 84 5100)
4(25 5220 85 5160)
4(26 5280 86 5220)
4(27 5340 87 5280)
4(28 5400 88 5340)
4(29 5460 89 5400)
4(30 5520 90 5460)
4(31 5580 91 5520)
4(32 5640 92 5580)
4(33 5700 93 5640)
4(34 5760 94 5700)
4(35 5820 95 5760)
4(36 5880 96 5820)
4(37 5940 97 5880)
4(38 6000 98 5940)
4(39 6060 99 6000)
4(40 6120 100 6060)
4(41 6180 101 6120)
4(42 6240 102 6180)
4(43 6300 103 6240)
4(44 6360 104 6300)
4(45 6420 105 6360)
4(46 6480 106 6420)
4(47 6540 107 6480)
4(48 6600 108 6540)
4(49 6660 109 6600)
4(50 6720 110 6660)
4(51 6780 111 6720)
4(52 6840 112 6780)
4(53 6900 113 6840)
4(54 6960 114 6900)
4(55 7020 115 6960)
4(56 7080 116 7020)
4(57 7140 117 7080)
4(58 7200 118 7140)
4(59 7260 119 7200)
4(60 3721 120 3661)
4(61 3781 121 3721)
4(62 3841 122 3781)
4(63 3901 123 3841)
4(64 3961 124 3901)
4(65 4021 125 3961)
4(66 4081 126 4021)
4(67 4141 127 4081)
4(68 4201 128 4141)
4(69 4261 129 4201)
4(70 4321 130 4261)
4(71 4381 131 4321)
4(72 4441 132 4381)
4(73 4501 133 4441)
4(74 4561 134 4501)
4(75 4621 135 4561)
4(76 4681 136 4621)
4(77 4741 137 4681)
4(78 4801 138 4741)
4(79 4861 139 4801)
4(80 4921 140 4861)
4(81 4981 141 4921)
4(82 5041 142 4981)
4(83 5101 143 5041)
4(84 5161 144 5101)
4(85 5221 145 5161)
4(86 5281 146 5221)
4(87 5341 147 5281)
4(88 5401 148 5341)
4(89 5461 149 5401)
4(90 5521 150 5461)
4(91 5581 151 5521)
4(92 5641 152 5581)
4(93 5701 153 5641)
4(94 5761 154 5701)
4(95 5821 155 5761)
4(96 5881 156 5821)
4(97 5941 157 5881)
4(98 6001 158 5941)
4(99 6061 159 6001)
4(100 6121 160 6061)
4(101 6181 161 6121)
4(102 6241 162 6181)
4(103 6301 163 6241)
4(104 6361 164 6301)
4(105 6421 165 6361)
4(106 6481 166 6421)
4(107 6541 167 6481)
4(108 6601 168 6541)
4(109 6661 169 6601)
4(110 6721 170 6661)
4(111 6781 171 6721)
4(112 6841 172 6781)
4(113 6901 173 6841)
4(114 6961 174 6901)
4(115 7021 175 6961)
4(116 7081 176 7021)
4(117 7141 177 7081)
4(118 7201 178 7141)
4(119 7261 179 7201)
4(120 3722 180 3662)
4(121 3782 181 3722)
4(122 3842 182 3782)
4(123 3902 183 3842)
4(124 3962 184 3902)
4(125 4022 185 3962)
4(126 4082 186 4022)
4(127 4142 187 4082)
4(128 4202 188 4142)
4(129 4262 189 4202)
4(130 4322 190 4262)
4(131 4382 191 4322)
4(132 4442 192 4382)
4(133 4502 193 4442)
4(134 4562 194 4502)
4(135 4622 195 4562)
4(136 4682 196 4622)
4(137 4742 197 4682)
4(138 4802 198 4742)
4(139 4862 199 4802)
4(140 4922 200 4862)
4(141 4982 201 4922)
4(142 5042 202 4982)
4(143 5102 203 5042)
4(144 5162 204 5102)
4(145 5222 205 5162)
4(146 5282 206 5222)
4(147 5342 207 5282)
4(148 5402 208 5342)
4(149 5462 209 5402)
4(150 5522 210 5462)
4(151 5582 211 5522)
4(152 5642 212 5582)
4(153 5702 213 5642)
4(154 5762 214 5702)
4(155 5822 215 5762)
4(156 5882 216 5822)
4(157 5942 217 5882)
4(158 6002 218 5942)
4(159 6062 219 6002)
4(160 6122 220 6062)
4(161 6182 221 6122)
4(162 6242 222 6182)
4(163 6302 223 6242)
4(164 6362 224 6302)
4(165 6422 225 6362)
4(166 6482 226 6422)
4(167 6542 227 6482)
4(168 6602 228 6542)
4(169 6662 229 6602)
4(170 6722 230 6662)
4(171 6782 231 6722)
4(172 6842 232 6782)
4(173 6902 233 6842)
4(174 6962 234 6902)
4(175 7022 235 6962)
4(176 7082 236 7022)
4(177 7142 237 7082)
4(178 7202 238 7142)
4(179 7262 239 7202)
4(180 3723 240 3663)
4(181 3783 241 3723)
4(182 3843 242 3783)
4(183 3903 243 3843)
4(184 3963 244 3903)
4(185 4023 245 3963)
4(186 4083 246 4023)
4(187 4143 247 4083)
4(188 4203 248 4143)
4(189 4263 249 4203)
4(190 4323 250 4263)
4(191 4383 251 4323)
4(192 4443 252 4383)
4(193 4503 253 4443)
4(194 4563 254 4503)
4(195 4623 255 4563)
4(196 4683 256 4623)
4(197 4743 257 4683)
4(198 4803 258 4743)
4(199 4863 259 4803)
4(200 4923 260 4863)
4(201 4983 261 4923)
4(202 5043 262 4983)
4(203 5103 263 5043)
4(204 5163 264 5103)
4(205 5223 265 5163)
4(206 5283 266 5223)
4(207 5343 267 5283)
4(208 5403 268 5343)
4(209 5463 269 5403)
4(210 5523 270 5463)
4(211 5583 271 5523)
4(212 5643 272 5583)
4(213 5703 273 5643)
4(214 5763 274 5703)
4(215 5823 275 5763)
4(216 5883 276 5823)
4(217 5943 277 5883)
4(218 6003 278 5943)
4(219 6063 279 6003)
4(220 6123 280 6063)
4(221 6183 281 6123)
4(222 6243 282 6183)
4(223 6303 283 6243)
4(224 6363 284 6303)
4(225 6423 285 6363)
4(226 6483 286 6423)
4(227 6543 287 6483)
4(228 6603 288 6543)
4(229 6663 289 6603)
4(230 6723 290 6663)
4(231 6783 291 6723)
4(232 6843 292 6783)
4(233 6903 293 6843)
4(234 6963 294 6903)
4(235 7023 295 6963)
4(236 7083 296 7023)
4(237 7143 297 7083)
4(238 7203 298 7143)
4(239 7263 299 7203)
4(240 3724 300 3664)
4(241 3784 301 3724)
4(242 3844 302 3784)
4(243 3904 303 3844)
4(244 3964 304 3904)
4(245 4024 305 3964)
4(246 4084 306 4024)
4(247 4144 307 4084)
4(248 4204 308 4144)
4(249 4264 309 4204)
4(250 4324 310 4264)
4(251 4384 311 4324)
4(252 4444 312 4384)
4(253 4504 313 4444)
4(254 4564 314 4504)
4(255 4624 315 4564)
4(256 4684 316 4624)
4(257 4744 317 4684)
4(258 4804 318 4744)
4(259 4864 319 4804)
4(260 4924 320 4864)
4(261 4984 321 4924)
4(262 5044 322 4984)
4(263 5104 323 5044)
4(264 5164 324 5104)
4(265 5224 325 5164)
4(266 5284 326 5224)
4(267 5344 327 5284)
4(268 5404 328 5344)
4(269 5464 329 5404)
4(270 5524 330 5464)
4(271 5584 331 5524)
4(272 5644 332 5584)
4(273 5704 333 5644)
4(274 5764 334 5704)
4(275 5824 335 5764)
4(276 5884 336 5824)
4(277 5944 337 5884)
4(278 6004 338 5944)
4(279 6064 339 6004)
4(280 6124 340 6064)
4(281 6184 341 6124)
4(282 6244 342 6184)
4(283 6304 343 6244)
4(284 6364 344 6304)
4(285 6424 345 6364)
4(286 6484 346 6424)
4(287 6544 347 6484)
4(288 6604 348 6544)
4(289 6664 349 6604)
4(290 6724 350 6664)
4(291 6784 351 6724)
4(292 6844 352 6784)
4(293 6904 353 6844)
4(294 6964 354 6904)
4(295 7024 355 6964)
4(296 7084 356 7024)
4(297 7144 357 7084)
4(298 7204 358 7144)
4(299 7264 359 7204)
4(300 3725 360 3665)
4(301 3785 361 3725)
4(302 3845 362 3785)
4(303 3905 363 3845)
4(304 3965 364 3905)
4(305 4025 365 3965)
4(306 4085 366 4025)
4(307 4145 367 4085)
4(308 4205 368 4145)
4(309 4265 369 4205)
4(310 4325 370 4265)
4(311 4385 371 4325)
4(312 4445 372 4385)
4(313 4505 373 4445)
4(314 4565 374 4505)
4(315 4625 375 4565)
4(316 4685 376 4625)
4(317 4745 377 4685)
4(318 4805 378 4745)
4(319 4865 379 4805)
4(320 4925 380 4865)
4(321 4985 381 4925)
4(322 5045 382 4985)
4(323 5105 383 5045)
4(324 5165 384 5105)
4(325 5225 385 5165)
4(326 5285 386 5225)
4(327 5345 387 5285)
4(328 5405 388 5345)
4(329 5465 389 5405)
4(330 5525 390 5465)
4(331 5585 391 5525)
4(332 5645 392 5585)
4(333 5705 393 5645)
4(334 5765 394 5705)
4(335 5825 395 5765)
4(336 5885 396 5825)
4(337 5945 397 5885)
4(338 6005 398 5945)
4(339 6065 399 6005)
4(340 6125 400 6065)
4(341 6185 401 6125)
4(342 6245 402 6185)
4(343 6305 403 6245)
4(344 6365 404 6305)
4(345 6425 405 6365)
4(346 6485 406 6425)
4(347 6545 407 6485)
4(348 6605 408 6545)
4(349 6665 409 6605)
4(350 6725 410 6665)
4(351 6785 411 6725)
4(352 6845 412 6785)
4(353 6905 413 6845)
4(354 6965 414 6905)
4(355 7025 415 6965)
4(356 7085 416 7025)
4(357 7145 417 7085)
4(358 7205 418 7145)
4(359 7265 419 7205)
4(360 3726 420 3666)
4(361 3786 421 3726)
4(362 3846 422 3786)
4(363 3906 423 3846)
4(364 3966 424 3906)
4(365 4026 425 3966)
4(366 4086 426 4026)
4(367 4146 427 4086)
4(368 4206 428 4146)
4(369 4266 429 4206)
4(370 4326 430 4266)
4(371 4386 431 4326)
4(372 4446 432 4386)
4(373 4506 433 4446)
4(374 4566 434 4506)
4(375 4626 435 4566)
4(376 4686 436 4626)
4(377 4746 437 4686)
4(378 4806 438 4746)
4(379 4866 439 4806)
4(380 4926 440 4866)
4(381 4986 441 4926)
4(382 5046 442 4986)
4(383 5106 443 5046)
4(384 5166 444 5106)
4(385 5226 445 5166)
4(386 5286 446 5226)
4(387 5346 447 5286)
4(388 5406 448 5346)
4(389 5466 449 5406)
4(390 5526 450 5466)
4(391 5586 451 5526)
4(392 5646 452 5586)
4(393 5706 453 5646)
4(394 5766 454 5706)
4(395 5826 455 5766)
4(396 5886 456 5826)
4(397 5946 457 5886)
4(398 6006 458 5946)
4(399 6066 459 6006)
4(400 6126 460 6066)
4(401 6186 461 6126)
4(402 6246 462 6186)
4(403 6306 463 6246)
4(404 6366 464 6306)
4(405 6426 465 6366)
4(406 6486 466 6426)
4(407 6546 467 6486)
4(408 6606 468 6546)
4(409 6666 469 6606)
4(410 6726 470 6666)
4(411 6786 471 6726)
4(412 6846 472 6786)
4(413 6906 473 6846)
4(414 6966 474 6906)
4(415 7026 475 6966)
4(416 7086 476 7026)
4(417 7146 477 7086)
4(418 7206 478 7146)
4(419 7266 479 7206)
4(420 3727 480 3667)
4(421 3787 481 3727)
4(422 3847 482 3787)
4(423 3907 483 3847)
4(424 3967 484 3907)
4(425 4027 485 3967)
4(426 4087 486 4027)
4(427 4147 487 4087)
4(428 4207 488 4147)
4(429 4267 489 4207)
4(430 4327 490 4267)
4(431 4387 491 4327)
4(432 4447 492 4387)
4(433 4507 493 4447)
4(434 4567 494 4507)
4(435 4627 495 4567)
4(436 4687 496 4627)
4(437 4747 497 4687)
4(438 4807 498 4747)
4(439 4867 499 4807)
4(440 4927 500 4867)
4(441 4987 501 4927)
4(442 5047 502 4987)
4(443 5107 503 5047)
4(444 5167 504 5107)
4(445 5227 505 5167)
4(446 5287 506 5227)
4(447 5347 507 5287)
4(448 5407 508 5347)
4(449 5467 509 5407)
4(450 5527 510 5467)
4(451 5587 511 5527)
4(452 5647 512 5587)
4(453 5707 513 5647)
4(454 5767 514 5707)
4(455 5827 515 5767)
4(456 5887 516 5827)
4(457 5947 517 5887)
4(458 6007 518 5947)
4(459 6067 519 6007)
4(460 6127 520 6067)
4(461 6187 521 6127)
4(462 6247 522 6187)
4(463 6307 523 6247)
4(464 6367 524 6307)
4(465 6427 525 6367)
4(466 6487 526 6427)
4(467 6547 527 6487)
4(468 6607 528 6547)
4(469 6667 529 6607)
4(470 6727 530 6667)
4(471 6787 531 6727)
4(472 6847 532 6787)
4(473 6907 533 6847)
4(474 6967 534 6907)
4(475 7027 535 6967)
4(476 7087 536 7027)
4(477 7147 537 7087)
4(478 7207 538 7147)
4(479 7267 539 7207)
4(480 3728 540 3668)
4(481 3788 541 3728)
4(482 3848 542 3788)
4(483 3908 543 3848)
4(484 3968 544 3908)
4(485 4028 545 3968)
4(486 4088 546 4028)
4(487 4148 547 4088)
4(488 4208 548 4148)
4(489 4268 549 4208)
4(490 4328 550 4268)
4(491 4388 551 4328)
4(492 4448 552 4388)
4(493 4508 553 4448)
4(494 4568 554 4508)
4(495 4628 555 4568)
4(496 4688 556 4628)
4(497 4748 557 4688)
4(498 4808 558 4748)
4(499 4868 559 4808)
4(500 4928 560 4868)
4(501 4988 561 4928)
4(502 5048 562 4988)
4(503 5108 563 5048)
4(504 5168 564 5108)
4(505 5228 565 5168)
4(506 5288 566 5228)
4(507 5348 567 5288)
4(508 5408 568 5348)
4(509 5468 569 5408)
4(510 5528 570 5468)
4(511 5588 571 5528)
4(512 5648 572 5588)
4(513 5708 573 5648)
4(514 5768 574 5708)
4(515 5828 575 5768)
4(516 5888 576 5828)
4(517 5948 577 5888)
4(518 6008 578 5948)
4(519 6068 579 6008)
4(520 6128 580 6068)
4(521 6188 581 6128)
4(522 6248 582 6188)
4(523 6308 583 6248)
4(524 6368 584 6308)
4(525 6428 585 6368)
4(526 6488 586 6428)
4(527 6548 587 6488)
4(528 6608 588 6548)
4(529 6668 589 6608)
4(530 6728 590 6668)
4(531 6788 591 6728)
4(532 6848 592 6788)
4(533 6908 593 6848)
4(534 6968 594 6908)
4(535 7028 595 6968)
4(536 7088 596 7028)
4(537 7148 597 7088)
4(538 7208 598 7148)
4(539 7268 599 7208)
4(540 3729 600 3669)
4(541 3789 601 3729)
4(542 3849 602 3789)
4(543 3909 603 3849)
4(544 3969 604 3909)
4(545 4029 605 3969)
4(546 4089 606 4029)
4(547 4149 607 4089)
4(548 4209 608 4149)
4(549 4269 609 4209)
4(550 4329 610 4269)
4(551 4389 611 4329)
4(552 4449 612 4389)
4(553 4509 613 4449)
4(554 4569 614 4509)
4(555 4629 615 4569)
4(556 4689 616 4629)
4(557 4749 617 4689)
4(558 4809 618 4749)
4(559 4869 619 4809)
4(560 4929 620 4869)
4(561 4989 621 4929)
4(562 5049 622 4989)
4(563 5109 623 5049)
4(564 5169 624 5109)
4(565 5229 625 5169)
4(566 5289 626 5229)
4(567 5349 627 5289)
4(568 5409 628 5349)
4(569 5469 629 5409)
4(570 5529 630 5469)
4(571 5589 631 5529)
4(572 5649 632 5589)
4(573 5709 633 5649)
4(574 5769 634 5709)
4(575 5829 635 5769)
4(576 5889 636 5829)
4(577 5949 637 5889)
4(578 6009 638 5949)
4(579 6069 639 6009)
4(580 6129 640 6069)
4(581 6189 641 6129)
4(582 6249 642 6189)
4(583 6309 643 6249)
4(584 6369 644 6309)
4(585 6429 645 6369)
4(586 6489 646 6429)
4(587 6549 647 6489)
4(588 6609 648 6549)
4(589 6669 649 6609)
4(590 6729 650 6669)
4(591 6789 651 6729)
4(592 6849 652 6789)
4(593 6909 653 6849)
4(594 6969 654 6909)
4(595 7029 655 6969)
4(596 7089 656 7029)
4(597 7149 657 7089)
4(598 7209 658 7149)
4(599 7269 659 7209)
4(600 3730 660 3670)
4(601 3790 661 3730)
4(602 3850 662 3790)
4(603 3910 663 3850)
4(604 3970 664 3910)
4(605 4030 665 3970)
4(606 4090 666 4030)
4(607 4150 667 4090)
4(608 4210 668 4150)
4(609 4270 669 4210)
4(610 4330 670 4270)
4(611 4390 671 4330)
4(612 4450 672 4390)
4(613 4510 673 4450)
4(614 4570 674 4510)
4(615 4630 675 4570)
4(616 4690 676 4630)
4(617 4750 677 4690)
4(618 4810 678 4750)
4(619 4870 679 4810)
4(620 4930 680 4870)
4(621 4990 681 4930)
4(622 5050 682 4990)
4(623 5110 683 5050)
4(624 5170 684 5110)
4(625 5230 685 5170)
4(626 5290 686 5230)
4(627 5350 687 5290)
4(628 5410 688 5350)
4(629 5470 689 5410)
4(630 5530 690 5470)
4(631 5590 691 5530)
4(632 5650 692 5590)
4(633 5710 693 5650)
4(634 5770 694 5710)
4(635 5830 695 5770)
4(636 5890 696 5830)
4(637 5950 697 5890)
4(638 6010 698 5950)
4(639 6070 699 6010)
4(640 6130 700 6070)
4(641 6190 701 6130)
4(642 6250 702 6190)
4(643 6310 703 6250)
4(644 6370 704 6310)
4(645 6430 705 6370)
4(646 6490 706 6430)
4(647 6550 707 6490)
4(648 6610 708 6550)
4(649 6670 709 6610)
4(650 6730 710 6670)
4(651 6790 711 6730)
4(652 6850 712 6790)
4(653 6910 713 6850)
4(654 6970 714 6910)
4(655 7030 715 6970)
4(656 7090 716 7030)
4(657 7150 717 7090)
4(658 7210 718 7150)
4(659 7270 719 7210)
4(660 3731 720 3671)
4(661 3791 721 3731)
4(662 3851 722 3791)
4(663 3911 723 3851)
4(664 3971 724 3911)
4(665 4031 725 3971)
4(666 4091 726 4031)
4(667 4151 727 4091)
4(668 4211 728 4151)
4(669 4271 729 4211)
4(670 4331 730 4271)
4(671 4391 731 4331)
4(672 4451 732 4391)
4(673 4511 733 4451)
4(674 4571 734 4511)
4(675 4631 735 4571)
4(676 4691 736 4631)
4(677 4751 737 4691)
4(678 4811 738 4751)
4(679 4871 739 4811)
4(680 4931 740 4871)
4(681 4991 741 4931)
4(682 5051 742 4991)
4(683 5111 743 5051)
4(684 5171 744 5111)
4(685 5231 745 5171)
4(686 5291 746 5231)
4(687 5351 747 5291)
4(688 5411 748 5351)
4(689 5471 749 5411)
4(690 5531 750 5471)
4(691 5591 751 5531)
4(692 5651 752 5591)
4(693 5711 753 5651)
4(694 5771 754 5711)
4(695 5831 755 5771)
4(696 5891 756 5831)
4(697 5951 757 5891)
4(698 6011 758 5951)
4(699 6071 759 6011)
4(700 6131 760 6071)
4(701 6191 761 6131)
4(702 6251 762 6191)
4(703 6311 763 6251)
4(704 6371 764 6311)
4(705 6431 765 6371)
4(706 6491 766 6431)
4(707 6551 767 6491)
4(708 6611 768 6551)
4(709 6671 769 6611)
4(710 6731 770 6671)
4(711 6791 771 6731)
4(712 6851 772 6791)
4(713 6911 773 6851)
4(714 6971 774 6911)
4(715 7031 775 6971)
4(716 7091 776 7031)
4(717 7151 777 7091)
4(718 7211 778 7151)
4(719 7271 779 7211)
4(720 3732 780 3672)
4(721 3792 781 3732)
4(722 3852 782 3792)
4(723 3912 783 3852)
4(724 3972 784 3912)
4(725 4032 785 3972)
4(726 4092 786 4032)
4(727 4152 787 4092)
4(728 4212 788 4152)
4(729 4272 789 4212)
4(730 4332 790 4272)
4(731 4392 791 4332)
4(732 4452 792 4392)
4(733 4512 793 4452)
4(734 4572 794 4512)
4(735 4632 795 4572)
4(736 4692 796 4632)
4(737 4752 797 4692)
4(738 4812 798 4752)
4(739 4872 799 4812)
4(740 4932 800 4872)
4(741 4992 801 4932)
4(742 5052 802 4992)
4(743 5112 803 5052)
4(744 5172 804 5112)
4(745 5232 805 5172)
4(746 5292 806 5232)
4(747 5352 807 5292)
4(748 5412 808 5352)
4(749 5472 809 5412)
4(750 5532 810 5472)
4(751 5592 811 5532)
4(752 5652 812 5592)
4(753 5712 813 5652)
4(754 5772 814 5712)
4(755 5832 815 5772)
4(756 5892 816 5832)
4(757 5952 817 5892)
4(758 6012 818 5952)
4(759 6072 819 6012)
4(760 6132 820 6072)
4(761 6192 821 6132)
4(762 6252 822 6192)
4(763 6312 823 6252)
4(764 6372 824 6312)
4(765 6432 825 6372)
4(766 6492 826 6432)
4(767 6552 827 6492)
4(768 6612 828 6552)
4(769 6672 829 6612)
4(770 6732 830 6672)
4(771 6792 831 6732)
4(772 6852 832 6792)
4(773 6912 833 6852)
4(774 6972 834 6912)
4(775 7032 835 6972)
4(776 7092 836 7032)
4(777 7152 837 7092)
4(778 7212 838 7152)
4(779 7272 839 7212)
4(780 3733 840 3673)
4(781 3793 841 3733)
4(782 3853 842 3793)
4(783 3913 843 3853)
4(784 3973 844 3913)
4(785 4033 845 3973)
4(786 4093 846 4033)
4(787 4153 847 4093)
4(788 4213 848 4153)
4(789 4273 849 4213)
4(790 4333 850 4273)
4(791 4393 851 4333)
4(792 4453 852 4393)
4(793 4513 853 4453)
4(794 4573 854 4513)
4(795 4633 855 4573)
4(796 4693 856 4633)
4(797 4753 857 4693)
4(798 4813 858 4753)
4(799 4873 859 4813)
4(800 4933 860 4873)
4(801 4993 861 4933)
4(802 5053 862 4993)
4(803 5113 863 5053)
4(804 5173 864 5113)
4(805 5233 865 5173)
4(806 5293 866 5233)
4(807 5353 867 5293)
4(808 5413 868 5353)
4(809 5473 869 5413)
4(810 5533 870 5473)
4(811 5593 871 5533)
4(812 5653 872 5593)
4(813 5713 873 5653)
4(814 5773 874 5713)
4(815 5833 875 5773)
4(816 5893 876 5833)
4(817 5953 877 5893)
4(818 6013 878 5953)
4(819 6073 879 6013)
4(820 6133 880 6073)
4(821 6193 881 6133)
4(822 6253 882 6193)
4(823 6313 883 6253)
4(824 6373 884 6313)
4(825 6433 885 6373)
4(826 6493 886 6433)
4(827 6553 887 6493)
4(828 6613 888 6553)
4(829 6673 889 6613)
4(830 6733 890 6673)
4(831 6793 891 6733)
4(832 6853 892 6793)
4(833 6913 893 6853)
4(834 6973 894 6913)
4(835 7033 895 6973)
4(836 7093 896 7033)
4(837 7153 897 7093)
4(838 7213 898 7153)
4(839 7273 899 7213)
4(840 3734 900 3674)
4(841 3794 901 3734)
4(842 3854 902 3794)
4(843 3914 903 3854)
4(844 3974 904 3914)
4(845 4034 905 3974)
4(846 4094 906 4034)
4(847 4154 907 4094)
4(848 4214 908 4154)
4(849 4274 909 4214)
4(850 4334 910 4274)
4(851 4394 911 4334)
4(852 4454 912 4394)
4(853 4514 913 4454)
4(854 4574 914 4514)
4(855 4634 915 4574)
4(856 4694 916 4634)
4(857 4754 917 4694)
4(858 4814 918 4754)
4(859 4874 919 4814)
4(860 4934 920 4874)
4(861 4994 921 4934)
4(862 5054 922 4994)
4(863 5114 923 5054)
4(864 5174 924 5114)
4(865 5234 925 5174)
4(866 5294 926 5234)
4(867 5354 927 5294)
4(868 5414 928 5354)
4(869 5474 929 5414)
4(870 5534 930 5474)
4(871 5594 931 5534)
4(872 5654 932 5594)
4(873 5714 933 5654)
4(874 5774 934 5714)
4(875 5834 935 5774)
4(876 5894 936 5834)
4(877 5954 937 5894)
4(878 6014 938 5954)
4(879 6074 939 6014)
4(880 6134 940 6074)
4(881 6194 941 6134)
4(882 6254 942 6194)
4(883 6314 943 6254)
4(884 6374 944 6314)
4(885 6434 945 6374)
4(886 6494 946 6434)
4(887 6554 947 6494)
4(888 6614 948 6554)
4(889 6674 949 6614)
4(890 6734 950 6674)
4(891 6794 951 6734)
4(892 6854 952 6794)
4(893 6914 953 6854)
4(894 6974 954 6914)
4(895 7034 955 6974)
4(896 7094 956 7034)
4(897 7154 957 7094)
4(898 7214 958 7154)
4(899 7274 959 7214)
4(900 3735 960 3675)
4(901 3795 961 3735)
4(902 3855 962 3795)
4(903 3915 963 3855)
4(904 3975 964 3915)
4(905 4035 965 3975)
4(906 4095 966 4035)
4(907 4155 967 4095)
4(908 4215 968 4155)
4(909 4275 969 4215)
4(910 4335 970 4275)
4(911 4395 971 4335)
4(912 4455 972 4395)
4(913 4515 973 4455)
4(914 4575 974 4515)
4(915 4635 975 4575)
4(916 4695 976 4635)
4(917 4755 977 4695)
4(918 4815 978 4755)
4(919 4875 979 4815)
4(920 4935 980 4875)
4(921 4995 981 4935)
4(922 5055 982 4995)
4(923 5115 983 5055)
4(924 5175 984 5115)
4(925 5235 985 5175)
4(926 5295 986 5235)
4(927 5355 987 5295)
4(928 5415 988 5355)
4(929 5475 989 5415)
4(930 5535 990 5475)
4(931 5595 991 5535)
4(932 5655 992 5595)
4(933 5715 993 5655)
4(934 5775 994 5715)
4(935 5835 995 5775)
4(936 5895 996 5835)
4(937 5955 997 5895)
4(938 6015 998 5955)
4(939 6075 999 6015)
4(940 6135 1000 6075)
4(941 6195 1001 6135)
4(942 6255 1002 6195)
4(943 6315 1003 6255)
4(944 6375 1004 6315)
4(945 6435 1005 6375)
4(946 6495 1006 6435)
4(947 6555 1007 6495)
4(948 6615 1008 6555)
4(949 6675 1009 6615)
4(950 6735 1010 6675)
4(951 6795 1011 6735)
4(952 6855 1012 6795)
4(953 6915 1013 6855)
4(954 6975 1014 6915)
4(955 7035 1015 6975)
4(956 7095 1016 7035)
4(957 7155 1017 7095)
4(958 7215 1018 7155)
4(959 7275 1019 7215)
4(960 3736 1020 3676)
4(961 3796 1021 3736)
4(962 3856 1022 3796)
4(963 3916 1023 3856)
4(964 3976 1024 3916)
4(965 4036 1025 3976)
4(966 4096 1026 4036)
4(967 4156 1027 4096)
4(968 4216 1028 4156)
4(969 4276 1029 4216)
4(970 4336 1030 4276)
4(971 4396 1031 4336)
4(972 4456 1032 4396)
4(973 4516 1033 4456)
4(974 4576 1034 4516)
4(975 4636 1035 4576)
4(976 4696 1036 4636)
4(977 4756 1037 4696)
4(978 4816 1038 4756)
4(979 4876 1039 4816)
4(980 4936 1040 4876)
4(981 4996 1041 4936)
4(982 5056 1042 4996)
4(983 5116 1043 5056)
4(984 5176 1044 5116)
4(985 5236 1045 5176)
4(986 5296 1046 5236)
4(987 5356 1047 5296)
4(988 5416 1048 5356)
4(989 5476 1049 5416)
4(990 5536 1050 5476)
4(991 5596 1051 5536)
4(992 5656 1052 5596)
4(993 5716 1053 5656)
4(994 5776 1054 5716)
4(995 5836 1055 5776)
4(996 5896 1056 5836)
4(997 5956 1057 5896)
4(998 6016 1058 5956)
4(999 6076 1059 6016)
4(1000 6136 1060 6076)
4(1001 6196 1061 6136)
4(1002 6256 1062 6196)
4(1003 6316 1063 6256)
4(1004 6376 1064 6316)
4(1005 6436 1065 6376)
4(1006 6496 1066 6436)
4(1007 6556 1067 6496)
4(1008 6616 1068 6556)
4(1009 6676 1069 6616)
4(1010 6736 1070 6676)
4(1011 6796 1071 6736)
4(1012 6856 1072 6796)
4(1013 6916 1073 6856)
4(1014 6976 1074 6916)
4(1015 7036 1075 6976)
4(1016 7096 1076 7036)
4(1017 7156 1077 7096)
4(1018 7216 1078 7156)
4(1019 7276 1079 7216)
4(1020 3737 1080 3677)
4(1021 3797 1081 3737)
4(1022 3857 1082 3797)
4(1023 3917 1083 3857)
4(1024 3977 1084 3917)
4(1025 4037 1085 3977)
4(1026 4097 1086 4037)
4(1027 4157 1087 4097)
4(1028 4217 1088 4157)
4(1029 4277 1089 4217)
4(1030 4337 1090 4277)
4(1031 4397 1091 4337)
4(1032 4457 1092 4397)
4(1033 4517 1093 4457)
4(1034 4577 1094 4517)
4(1035 4637 1095 4577)
4(1036 4697 1096 4637)
4(1037 4757 1097 4697)
4(1038 4817 1098 4757)
4(1039 4877 1099 4817)
4(1040 4937 1100 4877)
4(1041 4997 1101 4937)
4(1042 5057 1102 4997)
4(1043 5117 1103 5057)
4(1044 5177 1104 5117)
4(1045 5237 1105 5177)
4(1046 5297 1106 5237)
4(1047 5357 1107 5297)
4(1048 5417 1108 5357)
4(1049 5477 1109 5417)
4(1050 5537 1110 5477)
4(1051 5597 1111 5537)
4(1052 5657 1112 5597)
4(1053 5717 1113 5657)
4(1054 5777 1114 5717)
4(1055 5837 1115 5777)
4(1056 5897 1116 5837)
4(1057 5957 1117 5897)
4(1058 6017 1118 5957)
4(1059 6077 1119 6017)
4(1060 6137 1120 6077)
4(1061 6197 1121 6137)
4(1062 6257 1122 6197)
4(1063 6317 1123 6257)
4(1064 6377 1124 6317)
4(1065 6437 1125 6377)
4(1066 6497 1126 6437)
4(1067 6557 1127 6497)
4(1068 6617 1128 6557)
4(1069 6677 1129 6617)
4(1070 6737 1130 6677)
4(1071 6797 1131 6737)
4(1072 6857 1132 6797)
4(1073 6917 1133 6857)
4(1074 6977 1134 6917)
4(1075 7037 1135 6977)
4(1076 7097 1136 7037)
4(1077 7157 1137 7097)
4(1078 7217 1138 7157)
4(1079 7277 1139 7217)
4(1080 3738 1140 3678)
4(1081 3798 1141 3738)
4(1082 3858 1142 3798)
4(1083 3918 1143 3858)
4(1084 3978 1144 3918)
4(1085 4038 1145 3978)
4(1086 4098 1146 4038)
4(1087 4158 1147 4098)
4(1088 4218 1148 4158)
4(1089 4278 1149 4218)
4(1090 4338 1150 4278)
4(1091 4398 1151 4338)
4(1092 4458 1152 4398)
4(1093 4518 1153 4458)
4(1094 4578 1154 4518)
4(1095 4638 1155 4578)
4(1096 4698 1156 4638)
4(1097 4758 1157 4698)
4(1098 4818 1158 4758)
4(1099 4878 1159 4818)
4(1100 4938 1160 4878)
4(1101 4998 1161 4938)
4(1102 5058 1162 4998)
4(1103 5118 1163 5058)
4(1104 5178 1164 5118)
4(1105 5238 1165 5178)
4(1106 5298 1166 5238)
4(1107 5358 1167 5298)
4(1108 5418 1168 5358)
4(1109 5478 1169 5418)
4(1110 5538 1170 5478)
4(1111 5598 1171 5538)
4(1112 5658 1172 5598)
4(1113 5718 1173 5658)
4(1114 5778 1174 5718)
4(1115 5838 1175 5778)
4(1116 5898 1176 5838)
4(1117 5958 1177 5898)
4(1118 6018 1178 5958)
4(1119 6078 1179 6018)
4(1120 6138 1180 6078)
4(1121 6198 1181 6138)
4(1122 6258 1182 6198)
4(1123 6318 1183 6258)
4(1124 6378 1184 6318)
4(1125 6438 1185 6378)
4(1126 6498 1186 6438)
4(1127 6558 1187 6498)
4(1128 6618 1188 6558)
4(1129 6678 1189 6618)
4(1130 6738 1190 6678)
4(1131 6798 1191 6738)
4(1132 6858 1192 6798)
4(1133 6918 1193 6858)
4(1134 6978 1194 6918)
4(1135 7038 1195 6978)
4(1136 7098 1196 7038)
4(1137 7158 1197 7098)
4(1138 7218 1198 7158)
4(1139 7278 1199 7218)
4(1140 3739 1200 3679)
4(1141 3799 1201 3739)
4(1142 3859 1202 3799)
4(1143 3919 1203 3859)
4(1144 3979 1204 3919)
4(1145 4039 1205 3979)
4(1146 4099 1206 4039)
4(1147 4159 1207 4099)
4(1148 4219 1208 4159)
4(1149 4279 1209 4219)
4(1150 4339 1210 4279)
4(1151 4399 1211 4339)
4(1152 4459 1212 4399)
4(1153 4519 1213 4459)
4(1154 4579 1214 4519)
4(1155 4639 1215 4579)
4(1156 4699 1216 4639)
4(1157 4759 1217 4699)
4(1158 4819 1218 4759)
4(1159 4879 1219 4819)
4(1160 4939 1220 4879)
4(1161 4999 1221 4939)
4(1162 5059 1222 4999)
4(1163 5119 1223 5059)
4(1164 5179 1224 5119)
4(1165 5239 1225 5179)
4(1166 5299 1226 5239)
4(1167 5359 1227 5299)
4(1168 5419 1228 5359)
4(1169 5479 1229 5419)
4(1170 5539 1230 5479)
4(1171 5599 1231 5539)
4(1172 5659 1232 5599)
4(1173 5719 1233 5659)
4(1174 5779 1234 5719)
4(1175 5839 1235 5779)
4(1176 5899 1236 5839)
4(1177 5959 1237 5899)
4(1178 6019 1238 5959)
4(1179 6079 1239 6019)
4(1180 6139 1240 6079)
4(1181 6199 1241 6139)
4(1182 6259 1242 6199)
4(1183 6319 1243 6259)
4(1184 6379 1244 6319)
4(1185 6439 1245 6379)
4(1186 6499 1246 6439)
4(1187 6559 1247 6499)
4(1188 6619 1248 6559)
4(1189 6679 1249 6619)
4(1190 6739 1250 6679)
4(1191 6799 1251 6739)
4(1192 6859 1252 6799)
4(1193 6919 1253 6859)
4(1194 6979 1254 6919)
4(1195 7039 1255 6979)
4(1196 7099 1256 7039)
4(1197 7159 1257 7099)
4(1198 7219 1258 7159)
4(1199 7279 1259 7219)
4(1200 3740 1260 3680)
4(1201 3800 1261 3740)
4(1202 3860 1262 3800)
4(1203 3920 1263 3860)
4(1204 3980 1264 3920)
4(1205 4040 1265 3980)
4(1206 4100 1266 4040)
4(1207 4160 1267 4100)
4(1208 4220 1268 4160)
4(1209 4280 1269 4220)
4(1210 4340 1270 4280)
4(1211 4400 1271 4340)
4(1212 4460 1272 4400)
4(1213 4520 1273 4460)
4(1214 4580 1274 4520)
4(1215 4640 1275 4580)
4(1216 4700 1276 4640)
4(1217 4760 1277 4700)
4(1218 4820 1278 4760)
4(1219 4880 1279 4820)
4(1220 4940 1280 4880)
4(1221 5000 1281 4940)
4(1222 5060 1282 5000)
4(1223 5120 1283 5060)
4(1224 5180 1284 5120)
4(1225 5240 1285 5180)
4(1226 5300 1286 5240)
4(1227 5360 1287 5300)
4(1228 5420 1288 5360)
4(1229 5480 1289 5420)
4(1230 5540 1290 5480)
4(1231 5600 1291 5540)
4(1232 5660 1292 5600)
4(1233 5720 1293 5660)
4(1234 5780 1294 5720)
4(1235 5840 1295 5780)
4(1236 5900 1296 5840)
4(1237 5960 1297 5900)
4(1238 6020 1298 5960)
4(1239 6080 1299 6020)
4(1240 6140 1300 6080)
4(1241 6200 1301 6140)
4(1242 6260 1302 6200)
4(1243 6320 1303 6260)
4(1244 6380 1304 6320)
4(1245 6440 1305 6380)
4(1246 6500 1306 6440)
4(1247 6560 1307 6500)
4(1248 6620 1308 6560)
4(1249 6680 1309 6620)
4(1250 6740 1310 6680)
4(1251 6800 1311 6740)
4(1252 6860 1312 6800)
4(1253 6920 1313 6860)
4(1254 6980 1314 6920)
4(1255 7040 1315 6980)
4(1256 7100 1316 7040)
4(1257 7160 1317 7100)
4(1258 7220 1318 7160)
4(1259 7280 1319 7220)
4(1260 3741 1320 3681)
4(1261 3801 1321 3741)
4(1262 3861 1322 3801)
4(1263 3921 1323 3861)
4(1264 3981 1324 3921)
4(1265 4041 1325 3981)
4(1266 4101 1326 4041)
4(1267 4161 1327 4101)
4(1268 4221 1328 4161)
4(1269 4281 1329 4221)
4(1270 4341 1330 4281)
4(1271 4401 1331 4341)
4(1272 4461 1332 4401)
4(1273 4521 1333 4461)
4(1274 4581 1334 4521)
4(1275 4641 1335 4581)
4(1276 4701 1336 4641)
4(1277 4761 1337 4701)
4(1278 4821 1338 4761)
4(1279 4881 1339 4821)
4(1280 4941 1340 4881)
4(1281 5001 1341 4941)
4(1282 5061 1342 5001)
4(1283 5121 1343 5061)
4(1284 5181 1344 5121)
4(1285 5241 1345 5181)
4(1286 5301 1346 5241)
4(1287 5361 1347 5301)
4(1288 5421 1348 5361)
4(1289 5481 1349 5421)
4(1290 5541 1350 5481)
4(1291 5601 1351 5541)
4(1292 5661 1352 5601)
4(1293 5721 1353 5661)
4(1294 5781 1354 5721)
4(1295 5841 1355 5781)
4(1296 5901 1356 5841)
4(1297 5961 1357 5901)
4(1298 6021 1358 5961)
4(1299 6081 1359 6021)
4(1300 6141 1360 6081)
4(1301 6201 1361 6141)
4(1302 6261 1362 6201)
4(1303 6321 1363 6261)
4(1304 6381 1364 6321)
4(1305 6441 1365 6381)
4(1306 6501 1366 6441)
4(1307 6561 1367 6501)
4(1308 6621 1368 6561)
4(1309 6681 1369 6621)
4(1310 6741 1370 6681)
4(1311 6801 1371 6741)
4(1312 6861 1372 6801)
4(1313 6921 1373 6861)
4(1314 6981 1374 6921)
4(1315 7041 1375 6981)
4(1316 7101 1376 7041)
4(1317 7161 1377 7101)
4(1318 7221 1378 7161)
4(1319 7281 1379 7221)
4(1320 3742 1380 3682)
4(1321 3802 1381 3742)
4(1322 3862 1382 3802)
4(1323 3922 1383 3862)
4(1324 3982 1384 3922)
4(1325 4042 1385 3982)
4(1326 4102 1386 4042)
4(1327 4162 1387 4102)
4(1328 4222 1388 4162)
4(1329 4282 1389 4222)
4(1330 4342 1390 4282)
4(1331 4402 1391 4342)
4(1332 4462 1392 4402)
4(1333 4522 1393 4462)
4(1334 4582 1394 4522)
4(1335 4642 1395 4582)
4(1336 4702 1396 4642)
4(1337 4762 1397 4702)
4(1338 4822 1398 4762)
4(1339 4882 1399 4822)
4(1340 4942 1400 4882)
4(1341 5002 1401 4942)
4(1342 5062 1402 5002)
4(1343 5122 1403 5062)
4(1344 5182 1404 5122)
4(1345 5242 1405 5182)
4(1346 5302 1406 5242)
4(1347 5362 1407 5302)
4(1348 5422 1408 5362)
4(1349 5482 1409 5422)
4(1350 5542 1410 5482)
4(1351 5602 1411 5542)
4(1352 5662 1412 5602)
4(1353 5722 1413 5662)
4(1354 5782 1414 5722)
4(1355 5842 1415 5782)
4(1356 5902 1416 5842)
4(1357 5962 1417 5902)
4(1358 6022 1418 5962)
4(1359 6082 1419 6022)
4(1360 6142 1420 6082)
4(1361 6202 1421 6142)
4(1362 6262 1422 6202)
4(1363 6322 1423 6262)
4(1364 6382 1424 6322)
4(1365 6442 1425 6382)
4(1366 6502 1426 6442)
4(1367 6562 1427 6502)
4(1368 6622 1428 6562)
4(1369 6682 1429 6622)
4(1370 6742 1430 6682)
4(1371 6802 1431 6742)
4(1372 6862 1432 6802)
4(1373 6922 1433 6862)
4(1374 6982 1434 6922)
4(1375 7042 1435 6982)
4(1376 7102 1436 7042)
4(1377 7162 1437 7102)
4(1378 7222 1438 7162)
4(1379 7282 1439 7222)
4(1380 3743 1440 3683)
4(1381 3803 1441 3743)
4(1382 3863 1442 3803)
4(1383 3923 1443 3863)
4(1384 3983 1444 3923)
4(1385 4043 1445 3983)
4(1386 4103 1446 4043)
4(1387 4163 1447 4103)
4(1388 4223 1448 4163)
4(1389 4283 1449 4223)
4(1390 4343 1450 4283)
4(1391 4403 1451 4343)
4(1392 4463 1452 4403)
4(1393 4523 1453 4463)
4(1394 4583 1454 4523)
4(1395 4643 1455 4583)
4(1396 4703 1456 4643)
4(1397 4763 1457 4703)
4(1398 4823 1458 4763)
4(1399 4883 1459 4823)
4(1400 4943 1460 4883)
4(1401 5003 1461 4943)
4(1402 5063 1462 5003)
4(1403 5123 1463 5063)
4(1404 5183 1464 5123)
4(1405 5243 1465 5183)
4(1406 5303 1466 5243)
4(1407 5363 1467 5303)
4(1408 5423 1468 5363)
4(1409 5483 1469 5423)
4(1410 5543 1470 5483)
4(1411 5603 1471 5543)
4(1412 5663 1472 5603)
4(1413 5723 1473 5663)
4(1414 5783 1474 5723)
4(1415 5843 1475 5783)
4(1416 5903 1476 5843)
4(1417 5963 1477 5903)
4(1418 6023 1478 5963)
4(1419 6083 1479 6023)
4(1420 6143 1480 6083)
4(1421 6203 1481 6143)
4(1422 6263 1482 6203)
4(1423 6323 1483 6263)
4(1424 6383 1484 6323)
4(1425 6443 1485 6383)
4(1426 6503 1486 6443)
4(1427 6563 1487 6503)
4(1428 6623 1488 6563)
4(1429 6683 1489 6623)
4(1430 6743 1490 6683)
4(1431 6803 1491 6743)
4(1432 6863 1492 6803)
4(1433 6923 1493 6863)
4(1434 6983 1494 6923)
4(1435 7043 1495 6983)
4(1436 7103 1496 7043)
4(1437 7163 1497 7103)
4(1438 7223 1498 7163)
4(1439 7283 1499 7223)
4(1440 3744 1500 3684)
4(1441 3804 1501 3744)
4(1442 3864 1502 3804)
4(1443 3924 1503 3864)
4(1444 3984 1504 3924)
4(1445 4044 1505 3984)
4(1446 4104 1506 4044)
4(1447 4164 1507 4104)
4(1448 4224 1508 4164)
4(1449 4284 1509 4224)
4(1450 4344 1510 4284)
4(1451 4404 1511 4344)
4(1452 4464 1512 4404)
4(1453 4524 1513 4464)
4(1454 4584 1514 4524)
4(1455 4644 1515 4584)
4(1456 4704 1516 4644)
4(1457 4764 1517 4704)
4(1458 4824 1518 4764)
4(1459 4884 1519 4824)
4(1460 4944 1520 4884)
4(1461 5004 1521 4944)
4(1462 5064 1522 5004)
4(1463 5124 1523 5064)
4(1464 5184 1524 5124)
4(1465 5244 1525 5184)
4(1466 5304 1526 5244)
4(1467 5364 1527 5304)
4(1468 5424 1528 5364)
4(1469 5484 1529 5424)
4(1470 5544 1530 5484)
4(1471 5604 1531 5544)
4(1472 5664 1532 5604)
4(1473 5724 1533 5664)
4(1474 5784 1534 5724)
4(1475 5844 1535 5784)
4(1476 5904 1536 5844)
4(1477 5964 1537 5904)
4(1478 6024 1538 5964)
4(1479 6084 1539 6024)
4(1480 6144 1540 6084)
4(1481 6204 1541 6144)
4(1482 6264 1542 6204)
4(1483 6324 1543 6264)
4(1484 6384 1544 6324)
4(1485 6444 1545 6384)
4(1486 6504 1546 6444)
4(1487 6564 1547 6504)
4(1488 6624 1548 6564)
4(1489 6684 1549 6624)
4(1490 6744 1550 6684)
4(1491 6804 1551 6744)
4(1492 6864 1552 6804)
4(1493 6924 1553 6864)
4(1494 6984 1554 6924)
4(1495 7044 1555 6984)
4(1496 7104 1556 7044)
4(1497 7164 1557 7104)
4(1498 7224 1558 7164)
4(1499 7284 1559 7224)
4(1500 3745 1560 3685)
4(1501 3805 1561 3745)
4(1502 3865 1562 3805)
4(1503 3925 1563 3865)
4(1504 3985 1564 3925)
4(1505 4045 1565 3985)
4(1506 4105 1566 4045)
4(1507 4165 1567 4105)
4(1508 4225 1568 4165)
4(1509 4285 1569 4225)
4(1510 4345 1570 4285)
4(1511 4405 1571 4345)
4(1512 4465 1572 4405)
4(1513 4525 1573 4465)
4(1514 4585 1574 4525)
4(1515 4645 1575 4585)
4(1516 4705 1576 4645)
4(1517 4765 1577 4705)
4(1518 4825 1578 4765)
4(1519 4885 1579 4825)
4(1520 4945 1580 4885)
4(1521 5005 1581 4945)
4(1522 5065 1582 5005)
4(1523 5125 1583 5065)
4(1524 5185 1584 5125)
4(1525 5245 1585 5185)
4(1526 5305 1586 5245)
4(1527 5365 1587 5305)
4(1528 5425 1588 5365)
4(1529 5485 1589 5425)
4(1530 5545 1590 5485)
4(1531 5605 1591 5545)
4(1532 5665 1592 5605)
4(1533 5725 1593 5665)
4(1534 5785 1594 5725)
4(1535 5845 1595 5785)
4(1536 5905 1596 5845)
4(1537 5965 1597 5905)
4(1538 6025 1598 5965)
4(1539 6085 1599 6025)
4(1540 6145 1600 6085)
4(1541 6205 1601 6145)
4(1542 6265 1602 6205)
4(1543 6325 1603 6265)
4(1544 6385 1604 6325)
4(1545 6445 1605 6385)
4(1546 6505 1606 6445)
4(1547 6565 1607 6505)
4(1548 6625 1608 6565)
4(1549 6685 1609 6625)
4(1550 6745 1610 6685)
4(1551 6805 1611 6745)
4(1552 6865 1612 6805)
4(1553 6925 1613 6865)
4(1554 6985 1614 6925)
4(1555 7045 1615 6985)
4(1556 7105 1616 7045)
4(1557 7165 1617 7105)
4(1558 7225 1618 7165)
4(1559 7285 1619 7225)
4(1560 3746 1620 3686)
4(1561 3806 1621 3746)
4(1562 3866 1622 3806)
4(1563 3926 1623 3866)
4(1564 3986 1624 3926)
4(1565 4046 1625 3986)
4(1566 4106 1626 4046)
4(1567 4166 1627 4106)
4(1568 4226 1628 4166)
4(1569 4286 1629 4226)
4(1570 4346 1630 4286)
4(1571 4406 1631 4346)
4(1572 4466 1632 4406)
4(1573 4526 1633 4466)
4(1574 4586 1634 4526)
4(1575 4646 1635 4586)
4(1576 4706 1636 4646)
4(1577 4766 1637 4706)
4(1578 4826 1638 4766)
4(1579 4886 1639 4826)
4(1580 4946 1640 4886)
4(1581 5006 1641 4946)
4(1582 5066 1642 5006)
4(1583 5126 1643 5066)
4(1584 5186 1644 5126)
4(1585 5246 1645 5186)
4(1586 5306 1646 5246)
4(1587 5366 1647 5306)
4(1588 5426 1648 5366)
4(1589 5486 1649 5426)
4(1590 5546 1650 5486)
4(1591 5606 1651 5546)
4(1592 5666 1652 5606)
4(1593 5726 1653 5666)
4(1594 5786 1654 5726)
4(1595 5846 1655 5786)
4(1596 5906 1656 5846)
4(1597 5966 1657 5906)
4(1598 6026 1658 5966)
4(1599 6086 1659 6026)
4(1600 6146 1660 6086)
4(1601 6206 1661 6146)
4(1602 6266 1662 6206)
4(1603 6326 1663 6266)
4(1604 6386 1664 6326)
4(1605 6446 1665 6386)
4(1606 6506 1666 6446)
4(1607 6566 1667 6506)
4(1608 6626 1668 6566)
4(1609 6686 1669 6626)
4(1610 6746 1670 6686)
4(1611 6806 1671 6746)
4(1612 6866 1672 6806)
4(1613 6926 1673 6866)
4(1614 6986 1674 6926)
4(1615 7046 1675 6986)
4(1616 7106 1676 7046)
4(1617 7166 1677 7106)
4(1618 7226 1678 7166)
4(1619 7286 1679 7226)
4(1620 3747 1680 3687)
4(1621 3807 1681 3747)
4(1622 3867 1682 3807)
4(1623 3927 1683 3867)
4(1624 3987 1684 3927)
4(1625 4047 1685 3987)
4(1626 4107 1686 4047)
4(1627 4167 1687 4107)
4(1628 4227 1688 4167)
4(1629 4287 1689 4227)
4(1630 4347 1690 4287)
4(1631 4407 1691 4347)
4(1632 4467 1692 4407)
4(1633 4527 1693 4467)
4(1634 4587 1694 4527)
4(1635 4647 1695 4587)
4(1636 4707 1696 4647)
4(1637 4767 1697 4707)
4(1638 4827 1698 4767)
4(1639 4887 1699 4827)
4(1640 4947 1700 4887)
4(1641 5007 1701 4947)
4(1642 5067 1702 5007)
4(1643 5127 1703 5067)
4(1644 5187 1704 5127)
4(1645 5247 1705 5187)
4(1646 5307 1706 5247)
4(1647 5367 1707 5307)
4(1648 5427 1708 5367)
4(1649 5487 1709 5427)
4(1650 5547 1710 5487)
4(1651 5607 1711 5547)
4(1652 5667 1712 5607)
4(1653 5727 1713 5667)
4(1654 5787 1714 5727)
4(1655 5847 1715 5787)
4(1656 5907 1716 5847)
4(1657 5967 1717 5907)
4(1658 6027 1718 5967)
4(1659 6087 1719 6027)
4(1660 6147 1720 6087)
4(1661 6207 1721 6147)
4(1662 6267 1722 6207)
4(1663 6327 1723 6267)
4(1664 6387 1724 6327)
4(1665 6447 1725 6387)
4(1666 6507 1726 6447)
4(1667 6567 1727 6507)
4(1668 6627 1728 6567)
4(1669 6687 1729 6627)
4(1670 6747 1730 6687)
4(1671 6807 1731 6747)
4(1672 6867 1732 6807)
4(1673 6927 1733 6867)
4(1674 6987 1734 6927)
4(1675 7047 1735 6987)
4(1676 7107 1736 7047)
4(1677 7167 1737 7107)
4(1678 7227 1738 7167)
4(1679 7287 1739 7227)
4(1680 3748 1740 3688)
4(1681 3808 1741 3748)
4(1682 3868 1742 3808)
4(1683 3928 1743 3868)
4(1684 3988 1744 3928)
4(1685 4048 1745 3988)
4(1686 4108 1746 4048)
4(1687 4168 1747 4108)
4(1688 4228 1748 4168)
4(1689 4288 1749 4228)
4(1690 4348 1750 4288)
4(1691 4408 1751 4348)
4(1692 4468 1752 4408)
4(1693 4528 1753 4468)
4(1694 4588 1754 4528)
4(1695 4648 1755 4588)
4(1696 4708 1756 4648)
4(1697 4768 1757 4708)
4(1698 4828 1758 4768)
4(1699 4888 1759 4828)
4(1700 4948 1760 4888)
4(1701 5008 1761 4948)
4(1702 5068 1762 5008)
4(1703 5128 1763 5068)
4(1704 5188 1764 5128)
4(1705 5248 1765 5188)
4(1706 5308 1766 5248)
4(1707 5368 1767 5308)
4(1708 5428 1768 5368)
4(1709 5488 1769 5428)
4(1710 5548 1770 5488)
4(1711 5608 1771 5548)
4(1712 5668 1772 5608)
4(1713 5728 1773 5668)
4(1714 5788 1774 5728)
4(1715 5848 1775 5788)
4(1716 5908 1776 5848)
4(1717 5968 1777 5908)
4(1718 6028 1778 5968)
4(1719 6088 1779 6028)
4(1720 6148 1780 6088)
4(1721 6208 1781 6148)
4(1722 6268 1782 6208)
4(1723 6328 1783 6268)
4(1724 6388 1784 6328)
4(1725 6448 1785 6388)
4(1726 6508 1786 6448)
4(1727 6568 1787 6508)
4(1728 6628 1788 6568)
4(1729 6688 1789 6628)
4(1730 6748 1790 6688)
4(1731 6808 1791 6748)
4(1732 6868 1792 6808)
4(1733 6928 1793 6868)
4(1734 6988 1794 6928)
4(1735 7048 1795 6988)
4(1736 7108 1796 7048)
4(1737 7168 1797 7108)
4(1738 7228 1798 7168)
4(1739 7288 1799 7228)
4(1740 3749 1800 3689)
4(1741 3809 1801 3749)
4(1742 3869 1802 3809)
4(1743 3929 1803 3869)
4(1744 3989 1804 3929)
4(1745 4049 1805 3989)
4(1746 4109 1806 4049)
4(1747 4169 1807 4109)
4(1748 4229 1808 4169)
4(1749 4289 1809 4229)
4(1750 4349 1810 4289)
4(1751 4409 1811 4349)
4(1752 4469 1812 4409)
4(1753 4529 1813 4469)
4(1754 4589 1814 4529)
4(1755 4649 1815 4589)
4(1756 4709 1816 4649)
4(1757 4769 1817 4709)
4(1758 4829 1818 4769)
4(1759 4889 1819 4829)
4(1760 4949 1820 4889)
4(1761 5009 1821 4949)
4(1762 5069 1822 5009)
4(1763 5129 1823 5069)
4(1764 5189 1824 5129)
4(1765 5249 1825 5189)
4(1766 5309 1826 5249)
4(1767 5369 1827 5309)
4(1768 5429 1828 5369)
4(1769 5489 1829 5429)
4(1770 5549 1830 5489)
4(1771 5609 1831 5549)
4(1772 5669 1832 5609)
4(1773 5729 1833 5669)
4(1774 5789 1834 5729)
4(1775 5849 1835 5789)
4(1776 5909 1836 5849)
4(1777 5969 1837 5909)
4(1778 6029 1838 5969)
4(1779 6089 1839 6029)
4(1780 6149 1840 6089)
4(1781 6209 1841 6149)
4(1782 6269 1842 6209)
4(1783 6329 1843 6269)
4(1784 6389 1844 6329)
4(1785 6449 1845 6389)
4(1786 6509 1846 6449)
4(1787 6569 1847 6509)
4(1788 6629 1848 6569)
4(1789 6689 1849 6629)
4(1790 6749 1850 6689)
4(1791 6809 1851 6749)
4(1792 6869 1852 6809)
4(1793 6929 1853 6869)
4(1794 6989 1854 6929)
4(1795 7049 1855 6989)
4(1796 7109 1856 7049)
4(1797 7169 1857 7109)
4(1798 7229 1858 7169)
4(1799 7289 1859 7229)
4(1800 3750 1860 3690)
4(1801 3810 1861 3750)
4(1802 3870 1862 3810)
4(1803 3930 1863 3870)
4(1804 3990 1864 3930)
4(1805 4050 1865 3990)
4(1806 4110 1866 4050)
4(1807 4170 1867 4110)
4(1808 4230 1868 4170)
4(1809 4290 1869 4230)
4(1810 4350 1870 4290)
4(1811 4410 1871 4350)
4(1812 4470 1872 4410)
4(1813 4530 1873 4470)
4(1814 4590 1874 4530)
4(1815 4650 1875 4590)
4(1816 4710 1876 4650)
4(1817 4770 1877 4710)
4(1818 4830 1878 4770)
4(1819 4890 1879 4830)
4(1820 4950 1880 4890)
4(1821 5010 1881 4950)
4(1822 5070 1882 5010)
4(1823 5130 1883 5070)
4(1824 5190 1884 5130)
4(1825 5250 1885 5190)
4(1826 5310 1886 5250)
4(1827 5370 1887 5310)
4(1828 5430 1888 5370)
4(1829 5490 1889 5430)
4(1830 5550 1890 5490)
4(1831 5610 1891 5550)
4(1832 5670 1892 5610)
4(1833 5730 1893 5670)
4(1834 5790 1894 5730)
4(1835 5850 1895 5790)
4(1836 5910 1896 5850)
4(1837 5970 1897 5910)
4(1838 6030 1898 5970)
4(1839 6090 1899 6030)
4(1840 6150 1900 6090)
4(1841 6210 1901 6150)
4(1842 6270 1902 6210)
4(1843 6330 1903 6270)
4(1844 6390 1904 6330)
4(1845 6450 1905 6390)
4(1846 6510 1906 6450)
4(1847 6570 1907 6510)
4(1848 6630 1908 6570)
4(1849 6690 1909 6630)
4(1850 6750 1910 6690)
4(1851 6810 1911 6750)
4(1852 6870 1912 6810)
4(1853 6930 1913 6870)
4(1854 6990 1914 6930)
4(1855 7050 1915 6990)
4(1856 7110 1916 7050)
4(1857 7170 1917 7110)
4(1858 7230 1918 7170)
4(1859 7290 1919 7230)
4(1860 3751 1920 3691)
4(1861 3811 1921 3751)
4(1862 3871 1922 3811)
4(1863 3931 1923 3871)
4(1864 3991 1924 3931)
4(1865 4051 1925 3991)
4(1866 4111 1926 4051)
4(1867 4171 1927 4111)
4(1868 4231 1928 4171)
4(1869 4291 1929 4231)
4(1870 4351 1930 4291)
4(1871 4411 1931 4351)
4(1872 4471 1932 4411)
4(1873 4531 1933 4471)
4(1874 4591 1934 4531)
4(1875 4651 1935 4591)
4(1876 4711 1936 4651)
4(1877 4771 1937 4711)
4(1878 4831 1938 4771)
4(1879 4891 1939 4831)
4(1880 4951 1940 4891)
4(1881 5011 1941 4951)
4(1882 5071 1942 5011)
4(1883 5131 1943 5071)
4(1884 5191 1944 5131)
4(1885 5251 1945 5191)
4(1886 5311 1946 5251)
4(1887 5371 1947 5311)
4(1888 5431 1948 5371)
4(1889 5491 1949 5431)
4(1890 5551 1950 5491)
4(1891 5611 1951 5551)
4(1892 5671 1952 5611)
4(1893 5731 1953 5671)
4(1894 5791 1954 5731)
4(1895 5851 1955 5791)
4(1896 5911 1956 5851)
4(1897 5971 1957 5911)
4(1898 6031 1958 5971)
4(1899 6091 1959 6031)
4(1900 6151 1960 6091)
4(1901 6211 1961 6151)
4(1902 6271 1962 6211)
4(1903 6331 1963 6271)
4(1904 6391 1964 6331)
4(1905 6451 1965 6391)
4(1906 6511 1966 6451)
4(1907 6571 1967 6511)
4(1908 6631 1968 6571)
4(1909 6691 1969 6631)
4(1910 6751 1970 6691)
4(1911 6811 1971 6751)
4(1912 6871 1972 6811)
4(1913 6931 1973 6871)
4(1914 6991 1974 6931)
4(1915 7051 1975 6991)
4(1916 7111 1976 7051)
4(1917 7171 1977 7111)
4(1918 7231 1978 7171)
4(1919 7291 1979 7231)
4(1920 3752 1980 3692)
4(1921 3812 1981 3752)
4(1922 3872 1982 3812)
4(1923 3932 1983 3872)
4(1924 3992 1984 3932)
4(1925 4052 1985 3992)
4(1926 4112 1986 4052)
4(1927 4172 1987 4112)
4(1928 4232 1988 4172)
4(1929 4292 1989 4232)
4(1930 4352 1990 4292)
4(1931 4412 1991 4352)
4(1932 4472 1992 4412)
4(1933 4532 1993 4472)
4(1934 4592 1994 4532)
4(1935 4652 1995 4592)
4(1936 4712 1996 4652)
4(1937 4772 1997 4712)
4(1938 4832 1998 4772)
4(1939 4892 1999 4832)
4(1940 4952 2000 4892)
4(1941 5012 2001 4952)
4(1942 5072 2002 5012)
4(1943 5132 2003 5072)
4(1944 5192 2004 5132)
4(1945 5252 2005 5192)
4(1946 5312 2006 5252)
4(1947 5372 2007 5312)
4(1948 5432 2008 5372)
4(1949 5492 2009 5432)
4(1950 5552 2010 5492)
4(1951 5612 2011 5552)
4(1952 5672 2012 5612)
4(1953 5732 2013 5672)
4(1954 5792 2014 5732)
4(1955 5852 2015 5792)
4(1956 5912 2016 5852)
4(1957 5972 2017 5912)
4(1958 6032 2018 5972)
4(1959 6092 2019 6032)
4(1960 6152 2020 6092)
4(1961 6212 2021 6152)
4(1962 6272 2022 6212)
4(1963 6332 2023 6272)
4(1964 6392 2024 6332)
4(1965 6452 2025 6392)
4(1966 6512 2026 6452)
4(1967 6572 2027 6512)
4(1968 6632 2028 6572)
4(1969 6692 2029 6632)
4(1970 6752 2030 6692)
4(1971 6812 2031 6752)
4(1972 6872 2032 6812)
4(1973 6932 2033 6872)
4(1974 6992 2034 6932)
4(1975 7052 2035 6992)
4(1976 7112 2036 7052)
4(1977 7172 2037 7112)
4(1978 7232 2038 7172)
4(1979 7292 2039 7232)
4(1980 3753 2040 3693)
4(1981 3813 2041 3753)
4(1982 3873 2042 3813)
4(1983 3933 2043 3873)
4(1984 3993 2044 3933)
4(1985 4053 2045 3993)
4(1986 4113 2046 4053)
4(1987 4173 2047 4113)
4(1988 4233 2048 4173)
4(1989 4293 2049 4233)
4(1990 4353 2050 4293)
4(1991 4413 2051 4353)
4(1992 4473 2052 4413)
4(1993 4533 2053 4473)
4(1994 4593 2054 4533)
4(1995 4653 2055 4593)
4(1996 4713 2056 4653)
4(1997 4773 2057 4713)
4(1998 4833 2058 4773)
4(1999 4893 2059 4833)
4(2000 4953 2060 4893)
4(2001 5013 2061 4953)
4(2002 5073 2062 5013)
4(2003 5133 2063 5073)
4(2004 5193 2064 5133)
4(2005 5253 2065 5193)
4(2006 5313 2066 5253)
4(2007 5373 2067 5313)
4(2008 5433 2068 5373)
4(2009 5493 2069 5433)
4(2010 5553 2070 5493)
4(2011 5613 2071 5553)
4(2012 5673 2072 5613)
4(2013 5733 2073 5673)
4(2014 5793 2074 5733)
4(2015 5853 2075 5793)
4(2016 5913 2076 5853)
4(2017 5973 2077 5913)
4(2018 6033 2078 5973)
4(2019 6093 2079 6033)
4(2020 6153 2080 6093)
4(2021 6213 2081 6153)
4(2022 6273 2082 6213)
4(2023 6333 2083 6273)
4(2024 6393 2084 6333)
4(2025 6453 2085 6393)
4(2026 6513 2086 6453)
4(2027 6573 2087 6513)
4(2028 6633 2088 6573)
4(2029 6693 2089 6633)
4(2030 6753 2090 6693)
4(2031 6813 2091 6753)
4(2032 6873 2092 6813)
4(2033 6933 2093 6873)
4(2034 6993 2094 6933)
4(2035 7053 2095 6993)
4(2036 7113 2096 7053)
4(2037 7173 2097 7113)
4(2038 7233 2098 7173)
4(2039 7293 2099 7233)
4(2040 3754 2100 3694)
4(2041 3814 2101 3754)
4(2042 3874 2102 3814)
4(2043 3934 2103 3874)
4(2044 3994 2104 3934)
4(2045 4054 2105 3994)
4(2046 4114 2106 4054)
4(2047 4174 2107 4114)
4(2048 4234 2108 4174)
4(2049 4294 2109 4234)
4(2050 4354 2110 4294)
4(2051 4414 2111 4354)
4(2052 4474 2112 4414)
4(2053 4534 2113 4474)
4(2054 4594 2114 4534)
4(2055 4654 2115 4594)
4(2056 4714 2116 4654)
4(2057 4774 2117 4714)
4(2058 4834 2118 4774)
4(2059 4894 2119 4834)
4(2060 4954 2120 4894)
4(2061 5014 2121 4954)
4(2062 5074 2122 5014)
4(2063 5134 2123 5074)
4(2064 5194 2124 5134)
4(2065 5254 2125 5194)
4(2066 5314 2126 5254)
4(2067 5374 2127 5314)
4(2068 5434 2128 5374)
4(2069 5494 2129 5434)
4(2070 5554 2130 5494)
4(2071 5614 2131 5554)
4(2072 5674 2132 5614)
4(2073 5734 2133 5674)
4(2074 5794 2134 5734)
4(2075 5854 2135 5794)
4(2076 5914 2136 5854)
4(2077 5974 2137 5914)
4(2078 6034 2138 5974)
4(2079 6094 2139 6034)
4(2080 6154 2140 6094)
4(2081 6214 2141 6154)
4(2082 6274 2142 6214)
4(2083 6334 2143 6274)
4(2084 6394 2144 6334)
4(2085 6454 2145 6394)
4(2086 6514 2146 6454)
4(2087 6574 2147 6514)
4(2088 6634 2148 6574)
4(2089 6694 2149 6634)
4(2090 6754 2150 6694)
4(2091 6814 2151 6754)
4(2092 6874 2152 6814)
4(2093 6934 2153 6874)
4(2094 6994 2154 6934)
4(2095 7054 2155 6994)
4(2096 7114 2156 7054)
4(2097 7174 2157 7114)
4(2098 7234 2158 7174)
4(2099 7294 2159 7234)
4(2100 3755 2160 3695)
4(2101 3815 2161 3755)
4(2102 3875 2162 3815)
4(2103 3935 2163 3875)
4(2104 3995 2164 3935)
4(2105 4055 2165 3995)
4(2106 4115 2166 4055)
4(2107 4175 2167 4115)
4(2108 4235 2168 4175)
4(2109 4295 2169 4235)
4(2110 4355 2170 4295)
4(2111 4415 2171 4355)
4(2112 4475 2172 4415)
4(2113 4535 2173 4475)
4(2114 4595 2174 4535)
4(2115 4655 2175 4595)
4(2116 4715 2176 4655)
4(2117 4775 2177 4715)
4(2118 4835 2178 4775)
4(2119 4895 2179 4835)
4(2120 4955 2180 4895)
4(2121 5015 2181 4955)
4(2122 5075 2182 5015)
4(2123 5135 2183 5075)
4(2124 5195 2184 5135)
4(2125 5255 2185 5195)
4(2126 5315 2186 5255)
4(2127 5375 2187 5315)
4(2128 5435 2188 5375)
4(2129 5495 2189 5435)
4(2130 5555 2190 5495)
4(2131 5615 2191 5555)
4(2132 5675 2192 5615)
4(2133 5735 2193 5675)
4(2134 5795 2194 5735)
4(2135 5855 2195 5795)
4(2136 5915 2196 5855)
4(2137 5975 2197 5915)
4(2138 6035 2198 5975)
4(2139 6095 2199 6035)
4(2140 6155 2200 6095)
4(2141 6215 2201 6155)
4(2142 6275 2202 6215)
4(2143 6335 2203 6275)
4(2144 6395 2204 6335)
4(2145 6455 2205 6395)
4(2146 6515 2206 6455)
4(2147 6575 2207 6515)
4(2148 6635 2208 6575)
4(2149 6695 2209 6635)
4(2150 6755 2210 6695)
4(2151 6815 2211 6755)
4(2152 6875 2212 6815)
4(2153 6935 2213 6875)
4(2154 6995 2214 6935)
4(2155 7055 2215 6995)
4(2156 7115 2216 7055)
4(2157 7175 2217 7115)
4(2158 7235 2218 7175)
4(2159 7295 2219 7235)
4(2160 3756 2220 3696)
4(2161 3816 2221 3756)
4(2162 3876 2222 3816)
4(2163 3936 2223 3876)
4(2164 3996 2224 3936)
4(2165 4056 2225 3996)
4(2166 4116 2226 4056)
4(2167 4176 2227 4116)
4(2168 4236 2228 4176)
4(2169 4296 2229 4236)
4(2170 4356 2230 4296)
4(2171 4416 2231 4356)
4(2172 4476 2232 4416)
4(2173 4536 2233 4476)
4(2174 4596 2234 4536)
4(2175 4656 2235 4596)
4(2176 4716 2236 4656)
4(2177 4776 2237 4716)
4(2178 4836 2238 4776)
4(2179 4896 2239 4836)
4(2180 4956 2240 4896)
4(2181 5016 2241 4956)
4(2182 5076 2242 5016)
4(2183 5136 2243 5076)
4(2184 5196 2244 5136)
4(2185 5256 2245 5196)
4(2186 5316 2246 5256)
4(2187 5376 2247 5316)
4(2188 5436 2248 5376)
4(2189 5496 2249 5436)
4(2190 5556 2250 5496)
4(2191 5616 2251 5556)
4(2192 5676 2252 5616)
4(2193 5736 2253 5676)
4(2194 5796 2254 5736)
4(2195 5856 2255 5796)
4(2196 5916 2256 5856)
4(2197 5976 2257 5916)
4(2198 6036 2258 5976)
4(2199 6096 2259 6036)
4(2200 6156 2260 6096)
4(2201 6216 2261 6156)
4(2202 6276 2262 6216)
4(2203 6336 2263 6276)
4(2204 6396 2264 6336)
4(2205 6456 2265 6396)
4(2206 6516 2266 6456)
4(2207 6576 2267 6516)
4(2208 6636 2268 6576)
4(2209 6696 2269 6636)
4(2210 6756 2270 6696)
4(2211 6816 2271 6756)
4(2212 6876 2272 6816)
4(2213 6936 2273 6876)
4(2214 6996 2274 6936)
4(2215 7056 2275 6996)
4(2216 7116 2276 7056)
4(2217 7176 2277 7116)
4(2218 7236 2278 7176)
4(2219 7296 2279 7236)
4(2220 3757 2280 3697)
4(2221 3817 2281 3757)
4(2222 3877 2282 3817)
4(2223 3937 2283 3877)
4(2224 3997 2284 3937)
4(2225 4057 2285 3997)
4(2226 4117 2286 4057)
4(2227 4177 2287 4117)
4(2228 4237 2288 4177)
4(2229 4297 2289 4237)
4(2230 4357 2290 4297)
4(2231 4417 2291 4357)
4(2232 4477 2292 4417)
4(2233 4537 2293 4477)
4(2234 4597 2294 4537)
4(2235 4657 2295 4597)
4(2236 4717 2296 4657)
4(2237 4777 2297 4717)
4(2238 4837 2298 4777)
4(2239 4897 2299 4837)
4(2240 4957 2300 4897)
4(2241 5017 2301 4957)
4(2242 5077 2302 5017)
4(2243 5137 2303 5077)
4(2244 5197 2304 5137)
4(2245 5257 2305 5197)
4(2246 5317 2306 5257)
4(2247 5377 2307 5317)
4(2248 5437 2308 5377)
4(2249 5497 2309 5437)
4(2250 5557 2310 5497)
4(2251 5617 2311 5557)
4(2252 5677 2312 5617)
4(2253 5737 2313 5677)
4(2254 5797 2314 5737)
4(2255 5857 2315 5797)
4(2256 5917 2316 5857)
4(2257 5977 2317 5917)
4(2258 6037 2318 5977)
4(2259 6097 2319 6037)
4(2260 6157 2320 6097)
4(2261 6217 2321 6157)
4(2262 6277 2322 6217)
4(2263 6337 2323 6277)
4(2264 6397 2324 6337)
4(2265 6457 2325 6397)
4(2266 6517 2326 6457)
4(2267 6577 2327 6517)
4(2268 6637 2328 6577)
4(2269 6697 2329 6637)
4(2270 6757 2330 6697)
4(2271 6817 2331 6757)
4(2272 6877 2332 6817)
4(2273 6937 2333 6877)
4(2274 6997 2334 6937)
4(2275 7057 2335 6997)
4(2276 7117 2336 7057)
4(2277 7177 2337 7117)
4(2278 7237 2338 7177)
4(2279 7297 2339 7237)
4(2280 3758 2340 3698)
4(2281 3818 2341 3758)
4(2282 3878 2342 3818)
4(2283 3938 2343 3878)
4(2284 3998 2344 3938)
4(2285 4058 2345 3998)
4(2286 4118 2346 4058)
4(2287 4178 2347 4118)
4(2288 4238 2348 4178)
4(2289 4298 2349 4238)
4(2290 4358 2350 4298)
4(2291 4418 2351 4358)
4(2292 4478 2352 4418)
4(2293 4538 2353 4478)
4(2294 4598 2354 4538)
4(2295 4658 2355 4598)
4(2296 4718 2356 4658)
4(2297 4778 2357 4718)
4(2298 4838 2358 4778)
4(2299 4898 2359 4838)
4(2300 4958 2360 4898)
4(2301 5018 2361 4958)
4(2302 5078 2362 5018)
4(2303 5138 2363 5078)
4(2304 5198 2364 5138)
4(2305 5258 2365 5198)
4(2306 5318 2366 5258)
4(2307 5378 2367 5318)
4(2308 5438 2368 5378)
4(2309 5498 2369 5438)
4(2310 5558 2370 5498)
4(2311 5618 2371 5558)
4(2312 5678 2372 5618)
4(2313 5738 2373 5678)
4(2314 5798 2374 5738)
4(2315 5858 2375 5798)
4(2316 5918 2376 5858)
4(2317 5978 2377 5918)
4(2318 6038 2378 5978)
4(2319 6098 2379 6038)
4(2320 6158 2380 6098)
4(2321 6218 2381 6158)
4(2322 6278 2382 6218)
4(2323 6338 2383 6278)
4(2324 6398 2384 6338)
4(2325 6458 2385 6398)
4(2326 6518 2386 6458)
4(2327 6578 2387 6518)
4(2328 6638 2388 6578)
4(2329 6698 2389 6638)
4(2330 6758 2390 6698)
4(2331 6818 2391 6758)
4(2332 6878 2392 6818)
4(2333 6938 2393 6878)
4(2334 6998 2394 6938)
4(2335 7058 2395 6998)
4(2336 7118 2396 7058)
4(2337 7178 2397 7118)
4(2338 7238 2398 7178)
4(2339 7298 2399 7238)
4(2340 3759 2400 3699)
4(2341 3819 2401 3759)
4(2342 3879 2402 3819)
4(2343 3939 2403 3879)
4(2344 3999 2404 3939)
4(2345 4059 2405 3999)
4(2346 4119 2406 4059)
4(2347 4179 2407 4119)
4(2348 4239 2408 4179)
4(2349 4299 2409 4239)
4(2350 4359 2410 4299)
4(2351 4419 2411 4359)
4(2352 4479 2412 4419)
4(2353 4539 2413 4479)
4(2354 4599 2414 4539)
4(2355 4659 2415 4599)
4(2356 4719 2416 4659)
4(2357 4779 2417 4719)
4(2358 4839 2418 4779)
4(2359 4899 2419 4839)
4(2360 4959 2420 4899)
4(2361 5019 2421 4959)
4(2362 5079 2422 5019)
4(2363 5139 2423 5079)
4(2364 5199 2424 5139)
4(2365 5259 2425 5199)
4(2366 5319 2426 5259)
4(2367 5379 2427 5319)
4(2368 5439 2428 5379)
4(2369 5499 2429 5439)
4(2370 5559 2430 5499)
4(2371 5619 2431 5559)
4(2372 5679 2432 5619)
4(2373 5739 2433 5679)
4(2374 5799 2434 5739)
4(2375 5859 2435 5799)
4(2376 5919 2436 5859)
4(2377 5979 2437 5919)
4(2378 6039 2438 5979)
4(2379 6099 2439 6039)
4(2380 6159 2440 6099)
4(2381 6219 2441 6159)
4(2382 6279 2442 6219)
4(2383 6339 2443 6279)
4(2384 6399 2444 6339)
4(2385 6459 2445 6399)
4(2386 6519 2446 6459)
4(2387 6579 2447 6519)
4(2388 6639 2448 6579)
4(2389 6699 2449 6639)
4(2390 6759 2450 6699)
4(2391 6819 2451 6759)
4(2392 6879 2452 6819)
4(2393 6939 2453 6879)
4(2394 6999 2454 6939)
4(2395 7059 2455 6999)
4(2396 7119 2456 7059)
4(2397 7179 2457 7119)
4(2398 7239 2458 7179)
4(2399 7299 2459 7239)
4(2400 3760 2460 3700)
4(2401 3820 2461 3760)
4(2402 3880 2462 3820)
4(2403 3940 2463 3880)
4(2404 4000 2464 3940)
4(2405 4060 2465 4000)
4(2406 4120 2466 4060)
4(2407 4180 2467 4120)
4(2408 4240 2468 4180)
4(2409 4300 2469 4240)
4(2410 4360 2470 4300)
4(2411 4420 2471 4360)
4(2412 4480 2472 4420)
4(2413 4540 2473 4480)
4(2414 4600 2474 4540)
4(2415 4660 2475 4600)
4(2416 4720 2476 4660)
4(2417 4780 2477 4720)
4(2418 4840 2478 4780)
4(2419 4900 2479 4840)
4(2420 4960 2480 4900)
4(2421 5020 2481 4960)
4(2422 5080 2482 5020)
4(2423 5140 2483 5080)
4(2424 5200 2484 5140)
4(2425 5260 2485 5200)
4(2426 5320 2486 5260)
4(2427 5380 2487 5320)
4(2428 5440 2488 5380)
4(2429 5500 2489 5440)
4(2430 5560 2490 5500)
4(2431 5620 2491 5560)
4(2432 5680 2492 5620)
4(2433 5740 2493 5680)
4(2434 5800 2494 5740)
4(2435 5860 2495 5800)
4(2436 5920 2496 5860)
4(2437 5980 2497 5920)
4(2438 6040 2498 5980)
4(2439 6100 2499 6040)
4(2440 6160 2500 6100)
4(2441 6220 2501 6160)
4(2442 6280 2502 6220)
4(2443 6340 2503 6280)
4(2444 6400 2504 6340)
4(2445 6460 2505 6400)
4(2446 6520 2506 6460)
4(2447 6580 2507 6520)
4(2448 6640 2508 6580)
4(2449 6700 2509 6640)
4(2450 6760 2510 6700)
4(2451 6820 2511 6760)
4(2452 6880 2512 6820)
4(2453 6940 2513 6880)
4(2454 7000 2514 6940)
4(2455 7060 2515 7000)
4(2456 7120 2516 7060)
4(2457 7180 2517 7120)
4(2458 7240 2518 7180)
4(2459 7300 2519 7240)
4(2460 3761 2520 3701)
4(2461 3821 2521 3761)
4(2462 3881 2522 3821)
4(2463 3941 2523 3881)
4(2464 4001 2524 3941)
4(2465 4061 2525 4001)
4(2466 4121 2526 4061)
4(2467 4181 2527 4121)
4(2468 4241 2528 4181)
4(2469 4301 2529 4241)
4(2470 4361 2530 4301)
4(2471 4421 2531 4361)
4(2472 4481 2532 4421)
4(2473 4541 2533 4481)
4(2474 4601 2534 4541)
4(2475 4661 2535 4601)
4(2476 4721 2536 4661)
4(2477 4781 2537 4721)
4(2478 4841 2538 4781)
4(2479 4901 2539 4841)
4(2480 4961 2540 4901)
4(2481 5021 2541 4961)
4(2482 5081 2542 5021)
4(2483 5141 2543 5081)
4(2484 5201 2544 5141)
4(2485 5261 2545 5201)
4(2486 5321 2546 5261)
4(2487 5381 2547 5321)
4(2488 5441 2548 5381)
4(2489 5501 2549 5441)
4(2490 5561 2550 5501)
4(2491 5621 2551 5561)
4(2492 5681 2552 5621)
4(2493 5741 2553 5681)
4(2494 5801 2554 5741)
4(2495 5861 2555 5801)
4(2496 5921 2556 5861)
4(2497 5981 2557 5921)
4(2498 6041 2558 5981)
4(2499 6101 2559 6041)
4(2500 6161 2560 6101)
4(2501 6221 2561 6161)
4(2502 6281 2562 6221)
4(2503 6341 2563 6281)
4(2504 6401 2564 6341)
4(2505 6461 2565 6401)
4(2506 6521 2566 6461)
4(2507 6581 2567 6521)
4(2508 6641 2568 6581)
4(2509 6701 2569 6641)
4(2510 6761 2570 6701)
4(2511 6821 2571 6761)
4(2512 6881 2572 6821)
4(2513 6941 2573 6881)
4(2514 7001 2574 6941)
4(2515 7061 2575 7001)
4(2516 7121 2576 7061)
4(2517 7181 2577 7121)
4(2518 7241 2578 7181)
4(2519 7301 2579 7241)
4(2520 3762 2580 3702)
4(2521 3822 2581 3762)
4(2522 3882 2582 3822)
4(2523 3942 2583 3882)
4(2524 4002 2584 3942)
4(2525 4062 2585 4002)
4(2526 4122 2586 4062)
4(2527 4182 2587 4122)
4(2528 4242 2588 4182)
4(2529 4302 2589 4242)
4(2530 4362 2590 4302)
4(2531 4422 2591 4362)
4(2532 4482 2592 4422)
4(2533 4542 2593 4482)
4(2534 4602 2594 4542)
4(2535 4662 2595 4602)
4(2536 4722 2596 4662)
4(2537 4782 2597 4722)
4(2538 4842 2598 4782)
4(2539 4902 2599 4842)
4(2540 4962 2600 4902)
4(2541 5022 2601 4962)
4(2542 5082 2602 5022)
4(2543 5142 2603 5082)
4(2544 5202 2604 5142)
4(2545 5262 2605 5202)
4(2546 5322 2606 5262)
4(2547 5382 2607 5322)
4(2548 5442 2608 5382)
4(2549 5502 2609 5442)
4(2550 5562 2610 5502)
4(2551 5622 2611 5562)
4(2552 5682 2612 5622)
4(2553 5742 2613 5682)
4(2554 5802 2614 5742)
4(2555 5862 2615 5802)
4(2556 5922 2616 5862)
4(2557 5982 2617 5922)
4(2558 6042 2618 5982)
4(2559 6102 2619 6042)
4(2560 6162 2620 6102)
4(2561 6222 2621 6162)
4(2562 6282 2622 6222)
4(2563 6342 2623 6282)
4(2564 6402 2624 6342)
4(2565 6462 2625 6402)
4(2566 6522 2626 6462)
4(2567 6582 2627 6522)
4(2568 6642 2628 6582)
4(2569 6702 2629 6642)
4(2570 6762 2630 6702)
4(2571 6822 2631 6762)
4(2572 6882 2632 6822)
4(2573 6942 2633 6882)
4(2574 7002 2634 6942)
4(2575 7062 2635 7002)
4(2576 7122 2636 7062)
4(2577 7182 2637 7122)
4(2578 7242 2638 7182)
4(2579 7302 2639 7242)
4(2580 3763 2640 3703)
4(2581 3823 2641 3763)
4(2582 3883 2642 3823)
4(2583 3943 2643 3883)
4(2584 4003 2644 3943)
4(2585 4063 2645 4003)
4(2586 4123 2646 4063)
4(2587 4183 2647 4123)
4(2588 4243 2648 4183)
4(2589 4303 2649 4243)
4(2590 4363 2650 4303)
4(2591 4423 2651 4363)
4(2592 4483 2652 4423)
4(2593 4543 2653 4483)
4(2594 4603 2654 4543)
4(2595 4663 2655 4603)
4(2596 4723 2656 4663)
4(2597 4783 2657 4723)
4(2598 4843 2658 4783)
4(2599 4903 2659 4843)
4(2600 4963 2660 4903)
4(2601 5023 2661 4963)
4(2602 5083 2662 5023)
4(2603 5143 2663 5083)
4(2604 5203 2664 5143)
4(2605 5263 2665 5203)
4(2606 5323 2666 5263)
4(2607 5383 2667 5323)
4(2608 5443 2668 5383)
4(2609 5503 2669 5443)
4(2610 5563 2670 5503)
4(2611 5623 2671 5563)
4(2612 5683 2672 5623)
4(2613 5743 2673 5683)
4(2614 5803 2674 5743)
4(2615 5863 2675 5803)
4(2616 5923 2676 5863)
4(2617 5983 2677 5923)
4(2618 6043 2678 5983)
4(2619 6103 2679 6043)
4(2620 6163 2680 6103)
4(2621 6223 2681 6163)
4(2622 6283 2682 6223)
4(2623 6343 2683 6283)
4(2624 6403 2684 6343)
4(2625 6463 2685 6403)
4(2626 6523 2686 6463)
4(2627 6583 2687 6523)
4(2628 6643 2688 6583)
4(2629 6703 2689 6643)
4(2630 6763 2690 6703)
4(2631 6823 2691 6763)
4(2632 6883 2692 6823)
4(2633 6943 2693 6883)
4(2634 7003 2694 6943)
4(2635 7063 2695 7003)
4(2636 7123 2696 7063)
4(2637 7183 2697 7123)
4(2638 7243 2698 7183)
4(2639 7303 2699 7243)
4(2640 3764 2700 3704)
4(2641 3824 2701 3764)
4(2642 3884 2702 3824)
4(2643 3944 2703 3884)
4(2644 4004 2704 3944)
4(2645 4064 2705 4004)
4(2646 4124 2706 4064)
4(2647 4184 2707 4124)
4(2648 4244 2708 4184)
4(2649 4304 2709 4244)
4(2650 4364 2710 4304)
4(2651 4424 2711 4364)
4(2652 4484 2712 4424)
4(2653 4544 2713 4484)
4(2654 4604 2714 4544)
4(2655 4664 2715 4604)
4(2656 4724 2716 4664)
4(2657 4784 2717 4724)
4(2658 4844 2718 4784)
4(2659 4904 2719 4844)
4(2660 4964 2720 4904)
4(2661 5024 2721 4964)
4(2662 5084 2722 5024)
4(2663 5144 2723 5084)
4(2664 5204 2724 5144)
4(2665 5264 2725 5204)
4(2666 5324 2726 5264)
4(2667 5384 2727 5324)
4(2668 5444 2728 5384)
4(2669 5504 2729 5444)
4(2670 5564 2730 5504)
4(2671 5624 2731 5564)
4(2672 5684 2732 5624)
4(2673 5744 2733 5684)
4(2674 5804 2734 5744)
4(2675 5864 2735 5804)
4(2676 5924 2736 5864)
4(2677 5984 2737 5924)
4(2678 6044 2738 5984)
4(2679 6104 2739 6044)
4(2680 6164 2740 6104)
4(2681 6224 2741 6164)
4(2682 6284 2742 6224)
4(2683 6344 2743 6284)
4(2684 6404 2744 6344)
4(2685 6464 2745 6404)
4(2686 6524 2746 6464)
4(2687 6584 2747 6524)
4(2688 6644 2748 6584)
4(2689 6704 2749 6644)
4(2690 6764 2750 6704)
4(2691 6824 2751 6764)
4(2692 6884 2752 6824)
4(2693 6944 2753 6884)
4(2694 7004 2754 6944)
4(2695 7064 2755 7004)
4(2696 7124 2756 7064)
4(2697 7184 2757 7124)
4(2698 7244 2758 7184)
4(2699 7304 2759 7244)
4(2700 3765 2760 3705)
4(2701 3825 2761 3765)
4(2702 3885 2762 3825)
4(2703 3945 2763 3885)
4(2704 4005 2764 3945)
4(2705 4065 2765 4005)
4(2706 4125 2766 4065)
4(2707 4185 2767 4125)
4(2708 4245 2768 4185)
4(2709 4305 2769 4245)
4(2710 4365 2770 4305)
4(2711 4425 2771 4365)
4(2712 4485 2772 4425)
4(2713 4545 2773 4485)
4(2714 4605 2774 4545)
4(2715 4665 2775 4605)
4(2716 4725 2776 4665)
4(2717 4785 2777 4725)
4(2718 4845 2778 4785)
4(2719 4905 2779 4845)
4(2720 4965 2780 4905)
4(2721 5025 2781 4965)
4(2722 5085 2782 5025)
4(2723 5145 2783 5085)
4(2724 5205 2784 5145)
4(2725 5265 2785 5205)
4(2726 5325 2786 5265)
4(2727 5385 2787 5325)
4(2728 5445 2788 5385)
4(2729 5505 2789 5445)
4(2730 5565 2790 5505)
4(2731 5625 2791 5565)
4(2732 5685 2792 5625)
4(2733 5745 2793 5685)
4(2734 5805 2794 5745)
4(2735 5865 2795 5805)
4(2736 5925 2796 5865)
4(2737 5985 2797 5925)
4(2738 6045 2798 5985)
4(2739 6105 2799 6045)
4(2740 6165 2800 6105)
4(2741 6225 2801 6165)
4(2742 6285 2802 6225)
4(2743 6345 2803 6285)
4(2744 6405 2804 6345)
4(2745 6465 2805 6405)
4(2746 6525 2806 6465)
4(2747 6585 2807 6525)
4(2748 6645 2808 6585)
4(2749 6705 2809 6645)
4(2750 6765 2810 6705)
4(2751 6825 2811 6765)
4(2752 6885 2812 6825)
4(2753 6945 2813 6885)
4(2754 7005 2814 6945)
4(2755 7065 2815 7005)
4(2756 7125 2816 7065)
4(2757 7185 2817 7125)
4(2758 7245 2818 7185)
4(2759 7305 2819 7245)
4(2760 3766 2820 3706)
4(2761 3826 2821 3766)
4(2762 3886 2822 3826)
4(2763 3946 2823 3886)
4(2764 4006 2824 3946)
4(2765 4066 2825 4006)
4(2766 4126 2826 4066)
4(2767 4186 2827 4126)
4(2768 4246 2828 4186)
4(2769 4306 2829 4246)
4(2770 4366 2830 4306)
4(2771 4426 2831 4366)
4(2772 4486 2832 4426)
4(2773 4546 2833 4486)
4(2774 4606 2834 4546)
4(2775 4666 2835 4606)
4(2776 4726 2836 4666)
4(2777 4786 2837 4726)
4(2778 4846 2838 4786)
4(2779 4906 2839 4846)
4(2780 4966 2840 4906)
4(2781 5026 2841 4966)
4(2782 5086 2842 5026)
4(2783 5146 2843 5086)
4(2784 5206 2844 5146)
4(2785 5266 2845 5206)
4(2786 5326 2846 5266)
4(2787 5386 2847 5326)
4(2788 5446 2848 5386)
4(2789 5506 2849 5446)
4(2790 5566 2850 5506)
4(2791 5626 2851 5566)
4(2792 5686 2852 5626)
4(2793 5746 2853 5686)
4(2794 5806 2854 5746)
4(2795 5866 2855 5806)
4(2796 5926 2856 5866)
4(2797 5986 2857 5926)
4(2798 6046 2858 5986)
4(2799 6106 2859 6046)
4(2800 6166 2860 6106)
4(2801 6226 2861 6166)
4(2802 6286 2862 6226)
4(2803 6346 2863 6286)
4(2804 6406 2864 6346)
4(2805 6466 2865 6406)
4(2806 6526 2866 6466)
4(2807 6586 2867 6526)
4(2808 6646 2868 6586)
4(2809 6706 2869 6646)
4(2810 6766 2870 6706)
4(2811 6826 2871 6766)
4(2812 6886 2872 6826)
4(2813 6946 2873 6886)
4(2814 7006 2874 6946)
4(2815 7066 2875 7006)
4(2816 7126 2876 7066)
4(2817 7186 2877 7126)
4(2818 7246 2878 7186)
4(2819 7306 2879 7246)
4(2820 3767 2880 3707)
4(2821 3827 2881 3767)
4(2822 3887 2882 3827)
4(2823 3947 2883 3887)
4(2824 4007 2884 3947)
4(2825 4067 2885 4007)
4(2826 4127 2886 4067)
4(2827 4187 2887 4127)
4(2828 4247 2888 4187)
4(2829 4307 2889 4247)
4(2830 4367 2890 4307)
4(2831 4427 2891 4367)
4(2832 4487 2892 4427)
4(2833 4547 2893 4487)
4(2834 4607 2894 4547)
4(2835 4667 2895 4607)
4(2836 4727 2896 4667)
4(2837 4787 2897 4727)
4(2838 4847 2898 4787)
4(2839 4907 2899 4847)
4(2840 4967 2900 4907)
4(2841 5027 2901 4967)
4(2842 5087 2902 5027)
4(2843 5147 2903 5087)
4(2844 5207 2904 5147)
4(2845 5267 2905 5207)
4(2846 5327 2906 5267)
4(2847 5387 2907 5327)
4(2848 5447 2908 5387)
4(2849 5507 2909 5447)
4(2850 5567 2910 5507)
4(2851 5627 2911 5567)
4(2852 5687 2912 5627)
4(2853 5747 2913 5687)
4(2854 5807 2914 5747)
4(2855 5867 2915 5807)
4(2856 5927 2916 5867)
4(2857 5987 2917 5927)
4(2858 6047 2918 5987)
4(2859 6107 2919 6047)
4(2860 6167 2920 6107)
4(2861 6227 2921 6167)
4(2862 6287 2922 6227)
4(2863 6347 2923 6287)
4(2864 6407 2924 6347)
4(2865 6467 2925 6407)
4(2866 6527 2926 6467)
4(2867 6587 2927 6527)
4(2868 6647 2928 6587)
4(2869 6707 2929 6647)
4(2870 6767 2930 6707)
4(2871 6827 2931 6767)
4(2872 6887 2932 6827)
4(2873 6947 2933 6887)
4(2874 7007 2934 6947)
4(2875 7067 2935 7007)
4(2876 7127 2936 7067)
4(2877 7187 2937 7127)
4(2878 7247 2938 7187)
4(2879 7307 2939 7247)
4(2880 3768 2940 3708)
4(2881 3828 2941 3768)
4(2882 3888 2942 3828)
4(2883 3948 2943 3888)
4(2884 4008 2944 3948)
4(2885 4068 2945 4008)
4(2886 4128 2946 4068)
4(2887 4188 2947 4128)
4(2888 4248 2948 4188)
4(2889 4308 2949 4248)
4(2890 4368 2950 4308)
4(2891 4428 2951 4368)
4(2892 4488 2952 4428)
4(2893 4548 2953 4488)
4(2894 4608 2954 4548)
4(2895 4668 2955 4608)
4(2896 4728 2956 4668)
4(2897 4788 2957 4728)
4(2898 4848 2958 4788)
4(2899 4908 2959 4848)
4(2900 4968 2960 4908)
4(2901 5028 2961 4968)
4(2902 5088 2962 5028)
4(2903 5148 2963 5088)
4(2904 5208 2964 5148)
4(2905 5268 2965 5208)
4(2906 5328 2966 5268)
4(2907 5388 2967 5328)
4(2908 5448 2968 5388)
4(2909 5508 2969 5448)
4(2910 5568 2970 5508)
4(2911 5628 2971 5568)
4(2912 5688 2972 5628)
4(2913 5748 2973 5688)
4(2914 5808 2974 5748)
4(2915 5868 2975 5808)
4(2916 5928 2976 5868)
4(2917 5988 2977 5928)
4(2918 6048 2978 5988)
4(2919 6108 2979 6048)
4(2920 6168 2980 6108)
4(2921 6228 2981 6168)
4(2922 6288 2982 6228)
4(2923 6348 2983 6288)
4(2924 6408 2984 6348)
4(2925 6468 2985 6408)
4(2926 6528 2986 6468)
4(2927 6588 2987 6528)
4(2928 6648 2988 6588)
4(2929 6708 2989 6648)
4(2930 6768 2990 6708)
4(2931 6828 2991 6768)
4(2932 6888 2992 6828)
4(2933 6948 2993 6888)
4(2934 7008 2994 6948)
4(2935 7068 2995 7008)
4(2936 7128 2996 7068)
4(2937 7188 2997 7128)
4(2938 7248 2998 7188)
4(2939 7308 2999 7248)
4(2940 3769 3000 3709)
4(2941 3829 3001 3769)
4(2942 3889 3002 3829)
4(2943 3949 3003 3889)
4(2944 4009 3004 3949)
4(2945 4069 3005 4009)
4(2946 4129 3006 4069)
4(2947 4189 3007 4129)
4(2948 4249 3008 4189)
4(2949 4309 3009 4249)
4(2950 4369 3010 4309)
4(2951 4429 3011 4369)
4(2952 4489 3012 4429)
4(2953 4549 3013 4489)
4(2954 4609 3014 4549)
4(2955 4669 3015 4609)
4(2956 4729 3016 4669)
4(2957 4789 3017 4729)
4(2958 4849 3018 4789)
4(2959 4909 3019 4849)
4(2960 4969 3020 4909)
4(2961 5029 3021 4969)
4(2962 5089 3022 5029)
4(2963 5149 3023 5089)
4(2964 5209 3024 5149)
4(2965 5269 3025 5209)
4(2966 5329 3026 5269)
4(2967 5389 3027 5329)
4(2968 5449 3028 5389)
4(2969 5509 3029 5449)
4(2970 5569 3030 5509)
4(2971 5629 3031 5569)
4(2972 5689 3032 5629)
4(2973 5749 3033 5689)
4(2974 5809 3034 5749)
4(2975 5869 3035 5809)
4(2976 5929 3036 5869)
4(2977 5989 3037 5929)
4(2978 6049 3038 5989)
4(2979 6109 3039 6049)
4(2980 6169 3040 6109)
4(2981 6229 3041 6169)
4(2982 6289 3042 6229)
4(2983 6349 3043 6289)
4(2984 6409 3044 6349)
4(2985 6469 3045 6409)
4(2986 6529 3046 6469)
4(2987 6589 3047 6529)
4(2988 6649 3048 6589)
4(2989 6709 3049 6649)
4(2990 6769 3050 6709)
4(2991 6829 3051 6769)
4(2992 6889 3052 6829)
4(2993 6949 3053 6889)
4(2994 7009 3054 6949)
4(2995 7069 3055 7009)
4(2996 7129 3056 7069)
4(2997 7189 3057 7129)
4(2998 7249 3058 7189)
4(2999 7309 3059 7249)
4(3000 3770 3060 3710)
4(3001 3830 3061 3770)
4(3002 3890 3062 3830)
4(3003 3950 3063 3890)
4(3004 4010 3064 3950)
4(3005 4070 3065 4010)
4(3006 4130 3066 4070)
4(3007 4190 3067 4130)
4(3008 4250 3068 4190)
4(3009 4310 3069 4250)
4(3010 4370 3070 4310)
4(3011 4430 3071 4370)
4(3012 4490 3072 4430)
4(3013 4550 3073 4490)
4(3014 4610 3074 4550)
4(3015 4670 3075 4610)
4(3016 4730 3076 4670)
4(3017 4790 3077 4730)
4(3018 4850 3078 4790)
4(3019 4910 3079 4850)
4(3020 4970 3080 4910)
4(3021 5030 3081 4970)
4(3022 5090 3082 5030)
4(3023 5150 3083 5090)
4(3024 5210 3084 5150)
4(3025 5270 3085 5210)
4(3026 5330 3086 5270)
4(3027 5390 3087 5330)
4(3028 5450 3088 5390)
4(3029 5510 3089 5450)
4(3030 5570 3090 5510)
4(3031 5630 3091 5570)
4(3032 5690 3092 5630)
4(3033 5750 3093 5690)
4(3034 5810 3094 5750)
4(3035 5870 3095 5810)
4(3036 5930 3096 5870)
4(3037 5990 3097 5930)
4(3038 6050 3098 5990)
4(3039 6110 3099 6050)
4(3040 6170 3100 6110)
4(3041 6230 3101 6170)
4(3042 6290 3102 6230)
4(3043 6350 3103 6290)
4(3044 6410 3104 6350)
4(3045 6470 3105 6410)
4(3046 6530 3106 6470)
4(3047 6590 3107 6530)
4(3048 6650 3108 6590)
4(3049 6710 3109 6650)
4(3050 6770 3110 6710)
4(3051 6830 3111 6770)
4(3052 6890 3112 6830)
4(3053 6950 3113 6890)
4(3054 7010 3114 6950)
4(3055 7070 3115 7010)
4(3056 7130 3116 7070)
4(3057 7190 3117 7130)
4(3058 7250 3118 7190)
4(3059 7310 3119 7250)
4(3060 3771 3120 3711)
4(3061 3831 3121 3771)
4(3062 3891 3122 3831)
4(3063 3951 3123 3891)
4(3064 4011 3124 3951)
4(3065 4071 3125 4011)
4(3066 4131 3126 4071)
4(3067 4191 3127 4131)
4(3068 4251 3128 4191)
4(3069 4311 3129 4251)
4(3070 4371 3130 4311)
4(3071 4431 3131 4371)
4(3072 4491 3132 4431)
4(3073 4551 3133 4491)
4(3074 4611 3134 4551)
4(3075 4671 3135 4611)
4(3076 4731 3136 4671)
4(3077 4791 3137 4731)
4(3078 4851 3138 4791)
4(3079 4911 3139 4851)
4(3080 4971 3140 4911)
4(3081 5031 3141 4971)
4(3082 5091 3142 5031)
4(3083 5151 3143 5091)
4(3084 5211 3144 5151)
4(3085 5271 3145 5211)
4(3086 5331 3146 5271)
4(3087 5391 3147 5331)
4(3088 5451 3148 5391)
4(3089 5511 3149 5451)
4(3090 5571 3150 5511)
4(3091 5631 3151 5571)
4(3092 5691 3152 5631)
4(3093 5751 3153 5691)
4(3094 5811 3154 5751)
4(3095 5871 3155 5811)
4(3096 5931 3156 5871)
4(3097 5991 3157 5931)
4(3098 6051 3158 5991)
4(3099 6111 3159 6051)
4(3100 6171 3160 6111)
4(3101 6231 3161 6171)
4(3102 6291 3162 6231)
4(3103 6351 3163 6291)
4(3104 6411 3164 6351)
4(3105 6471 3165 6411)
4(3106 6531 3166 6471)
4(3107 6591 3167 6531)
4(3108 6651 3168 6591)
4(3109 6711 3169 6651)
4(3110 6771 3170 6711)
4(3111 6831 3171 6771)
4(3112 6891 3172 6831)
4(3113 6951 3173 6891)
4(3114 7011 3174 6951)
4(3115 7071 3175 7011)
4(3116 7131 3176 7071)
4(3117 7191 3177 7131)
4(3118 7251 3178 7191)
4(3119 7311 3179 7251)
4(3120 3772 3180 3712)
4(3121 3832 3181 3772)
4(3122 3892 3182 3832)
4(3123 3952 3183 3892)
4(3124 4012 3184 3952)
4(3125 4072 3185 4012)
4(3126 4132 3186 4072)
4(3127 4192 3187 4132)
4(3128 4252 3188 4192)
4(3129 4312 3189 4252)
4(3130 4372 3190 4312)
4(3131 4432 3191 4372)
4(3132 4492 3192 4432)
4(3133 4552 3193 4492)
4(3134 4612 3194 4552)
4(3135 4672 3195 4612)
4(3136 4732 3196 4672)
4(3137 4792 3197 4732)
4(3138 4852 3198 4792)
4(3139 4912 3199 4852)
4(3140 4972 3200 4912)
4(3141 5032 3201 4972)
4(3142 5092 3202 5032)
4(3143 5152 3203 5092)
4(3144 5212 3204 5152)
4(3145 5272 3205 5212)
4(3146 5332 3206 5272)
4(3147 5392 3207 5332)
4(3148 5452 3208 5392)
4(3149 5512 3209 5452)
4(3150 5572 3210 5512)
4(3151 5632 3211 5572)
4(3152 5692 3212 5632)
4(3153 5752 3213 5692)
4(3154 5812 3214 5752)
4(3155 5872 3215 5812)
4(3156 5932 3216 5872)
4(3157 5992 3217 5932)
4(3158 6052 3218 5992)
4(3159 6112 3219 6052)
4(3160 6172 3220 6112)
4(3161 6232 3221 6172)
4(3162 6292 3222 6232)
4(3163 6352 3223 6292)
4(3164 6412 3224 6352)
4(3165 6472 3225 6412)
4(3166 6532 3226 6472)
4(3167 6592 3227 6532)
4(3168 6652 3228 6592)
4(3169 6712 3229 6652)
4(3170 6772 3230 6712)
4(3171 6832 3231 6772)
4(3172 6892 3232 6832)
4(3173 6952 3233 6892)
4(3174 7012 3234 6952)
4(3175 7072 3235 7012)
4(3176 7132 3236 7072)
4(3177 7192 3237 7132)
4(3178 7252 3238 7192)
4(3179 7312 3239 7252)
4(3180 3773 3240 3713)
4(3181 3833 3241 3773)
4(3182 3893 3242 3833)
4(3183 3953 3243 3893)
4(3184 4013 3244 3953)
4(3185 4073 3245 4013)
4(3186 4133 3246 4073)
4(3187 4193 3247 4133)
4(3188 4253 3248 4193)
4(3189 4313 3249 4253)
4(3190 4373 3250 4313)
4(3191 4433 3251 4373)
4(3192 4493 3252 4433)
4(3193 4553 3253 4493)
4(3194 4613 3254 4553)
4(3195 4673 3255 4613)
4(3196 4733 3256 4673)
4(3197 4793 3257 4733)
4(3198 4853 3258 4793)
4(3199 4913 3259 4853)
4(3200 4973 3260 4913)
4(3201 5033 3261 4973)
4(3202 5093 3262 5033)
4(3203 5153 3263 5093)
4(3204 5213 3264 5153)
4(3205 5273 3265 5213)
4(3206 5333 3266 5273)
4(3207 5393 3267 5333)
4(3208 5453 3268 5393)
4(3209 5513 3269 5453)
4(3210 5573 3270 5513)
4(3211 5633 3271 5573)
4(3212 5693 3272 5633)
4(3213 5753 3273 5693)
4(3214 5813 3274 5753)
4(3215 5873 3275 5813)
4(3216 5933 3276 5873)
4(3217 5993 3277 5933)
4(3218 6053 3278 5993)
4(3219 6113 3279 6053)
4(3220 6173 3280 6113)
4(3221 6233 3281 6173)
4(3222 6293 3282 6233)
4(3223 6353 3283 6293)
4(3224 6413 3284 6353)
4(3225 6473 3285 6413)
4(3226 6533 3286 6473)
4(3227 6593 3287 6533)
4(3228 6653 3288 6593)
4(3229 6713 3289 6653)
4(3230 6773 3290 6713)
4(3231 6833 3291 6773)
4(3232 6893 3292 6833)
4(3233 6953 3293 6893)
4(3234 7013 3294 6953)
4(3235 7073 3295 7013)
4(3236 7133 3296 7073)
4(3237 7193 3297 7133)
4(3238 7253 3298 7193)
4(3239 7313 3299 7253)
4(3240 3774 3300 3714)
4(3241 3834 3301 3774)
4(3242 3894 3302 3834)
4(3243 3954 3303 3894)
4(3244 4014 3304 3954)
4(3245 4074 3305 4014)
4(3246 4134 3306 4074)
4(3247 4194 3307 4134)
4(3248 4254 3308 4194)
4(3249 4314 3309 4254)
4(3250 4374 3310 4314)
4(3251 4434 3311 4374)
4(3252 4494 3312 4434)
4(3253 4554 3313 4494)
4(3254 4614 3314 4554)
4(3255 4674 3315 4614)
4(3256 4734 3316 4674)
4(3257 4794 3317 4734)
4(3258 4854 3318 4794)
4(3259 4914 3319 4854)
4(3260 4974 3320 4914)
4(3261 5034 3321 4974)
4(3262 5094 3322 5034)
4(3263 5154 3323 5094)
4(3264 5214 3324 5154)
4(3265 5274 3325 5214)
4(3266 5334 3326 5274)
4(3267 5394 3327 5334)
4(3268 5454 3328 5394)
4(3269 5514 3329 5454)
4(3270 5574 3330 5514)
4(3271 5634 3331 5574)
4(3272 5694 3332 5634)
4(3273 5754 3333 5694)
4(3274 5814 3334 5754)
4(3275 5874 3335 5814)
4(3276 5934 3336 5874)
4(3277 5994 3337 5934)
4(3278 6054 3338 5994)
4(3279 6114 3339 6054)
4(3280 6174 3340 6114)
4(3281 6234 3341 6174)
4(3282 6294 3342 6234)
4(3283 6354 3343 6294)
4(3284 6414 3344 6354)
4(3285 6474 3345 6414)
4(3286 6534 3346 6474)
4(3287 6594 3347 6534)
4(3288 6654 3348 6594)
4(3289 6714 3349 6654)
4(3290 6774 3350 6714)
4(3291 6834 3351 6774)
4(3292 6894 3352 6834)
4(3293 6954 3353 6894)
4(3294 7014 3354 6954)
4(3295 7074 3355 7014)
4(3296 7134 3356 7074)
4(3297 7194 3357 7134)
4(3298 7254 3358 7194)
4(3299 7314 3359 7254)
4(3300 3775 3360 3715)
4(3301 3835 3361 3775)
4(3302 3895 3362 3835)
4(3303 3955 3363 3895)
4(3304 4015 3364 3955)
4(3305 4075 3365 4015)
4(3306 4135 3366 4075)
4(3307 4195 3367 4135)
4(3308 4255 3368 4195)
4(3309 4315 3369 4255)
4(3310 4375 3370 4315)
4(3311 4435 3371 4375)
4(3312 4495 3372 4435)
4(3313 4555 3373 4495)
4(3314 4615 3374 4555)
4(3315 4675 3375 4615)
4(3316 4735 3376 4675)
4(3317 4795 3377 4735)
4(3318 4855 3378 4795)
4(3319 4915 3379 4855)
4(3320 4975 3380 4915)
4(3321 5035 3381 4975)
4(3322 5095 3382 5035)
4(3323 5155 3383 5095)
4(3324 5215 3384 5155)
4(3325 5275 3385 5215)
4(3326 5335 3386 5275)
4(3327 5395 3387 5335)
4(3328 5455 3388 5395)
4(3329 5515 3389 5455)
4(3330 5575 3390 5515)
4(3331 5635 3391 5575)
4(3332 5695 3392 5635)
4(3333 5755 3393 5695)
4(3334 5815 3394 5755)
4(3335 5875 3395 5815)
4(3336 5935 3396 5875)
4(3337 5995 3397 5935)
4(3338 6055 3398 5995)
4(3339 6115 3399 6055)
4(3340 6175 3400 6115)
4(3341 6235 3401 6175)
4(3342 6295 3402 6235)
4(3343 6355 3403 6295)
4(3344 6415 3404 6355)
4(3345 6475 3405 6415)
4(3346 6535 3406 6475)
4(3347 6595 3407 6535)
4(3348 6655 3408 6595)
4(3349 6715 3409 6655)
4(3350 6775 3410 6715)
4(3351 6835 3411 6775)
4(3352 6895 3412 6835)
4(3353 6955 3413 6895)
4(3354 7015 3414 6955)
4(3355 7075 3415 7015)
4(3356 7135 3416 7075)
4(3357 7195 3417 7135)
4(3358 7255 3418 7195)
4(3359 7315 3419 7255)
4(3360 3776 3420 3716)
4(3361 3836 3421 3776)
4(3362 3896 3422 3836)
4(3363 3956 3423 3896)
4(3364 4016 3424 3956)
4(3365 4076 3425 4016)
4(3366 4136 3426 4076)
4(3367 4196 3427 4136)
4(3368 4256 3428 4196)
4(3369 4316 3429 4256)
4(3370 4376 3430 4316)
4(3371 4436 3431 4376)
4(3372 4496 3432 4436)
4(3373 4556 3433 4496)
4(3374 4616 3434 4556)
4(3375 4676 3435 4616)
4(3376 4736 3436 4676)
4(3377 4796 3437 4736)
4(3378 4856 3438 4796)
4(3379 4916 3439 4856)
4(3380 4976 3440 4916)
4(3381 5036 3441 4976)
4(3382 5096 3442 5036)
4(3383 5156 3443 5096)
4(3384 5216 3444 5156)
4(3385 5276 3445 5216)
4(3386 5336 3446 5276)
4(3387 5396 3447 5336)
4(3388 5456 3448 5396)
4(3389 5516 3449 5456)
4(3390 5576 3450 5516)
4(3391 5636 3451 5576)
4(3392 5696 3452 5636)
4(3393 5756 3453 5696)
4(3394 5816 3454 5756)
4(3395 5876 3455 5816)
4(3396 5936 3456 5876)
4(3397 5996 3457 5936)
4(3398 6056 3458 5996)
4(3399 6116 3459 6056)
4(3400 6176 3460 6116)
4(3401 6236 3461 6176)
4(3402 6296 3462 6236)
4(3403 6356 3463 6296)
4(3404 6416 3464 6356)
4(3405 6476 3465 6416)
4(3406 6536 3466 6476)
4(3407 6596 3467 6536)
4(3408 6656 3468 6596)
4(3409 6716 3469 6656)
4(3410 6776 3470 6716)
4(3411 6836 3471 6776)
4(3412 6896 3472 6836)
4(3413 6956 3473 6896)
4(3414 7016 3474 6956)
4(3415 7076 3475 7016)
4(3416 7136 3476 7076)
4(3417 7196 3477 7136)
4(3418 7256 3478 7196)
4(3419 7316 3479 7256)
4(3420 3777 3480 3717)
4(3421 3837 3481 3777)
4(3422 3897 3482 3837)
4(3423 3957 3483 3897)
4(3424 4017 3484 3957)
4(3425 4077 3485 4017)
4(3426 4137 3486 4077)
4(3427 4197 3487 4137)
4(3428 4257 3488 4197)
4(3429 4317 3489 4257)
4(3430 4377 3490 4317)
4(3431 4437 3491 4377)
4(3432 4497 3492 4437)
4(3433 4557 3493 4497)
4(3434 4617 3494 4557)
4(3435 4677 3495 4617)
4(3436 4737 3496 4677)
4(3437 4797 3497 4737)
4(3438 4857 3498 4797)
4(3439 4917 3499 4857)
4(3440 4977 3500 4917)
4(3441 5037 3501 4977)
4(3442 5097 3502 5037)
4(3443 5157 3503 5097)
4(3444 5217 3504 5157)
4(3445 5277 3505 5217)
4(3446 5337 3506 5277)
4(3447 5397 3507 5337)
4(3448 5457 3508 5397)
4(3449 5517 3509 5457)
4(3450 5577 3510 5517)
4(3451 5637 3511 5577)
4(3452 5697 3512 5637)
4(3453 5757 3513 5697)
4(3454 5817 3514 5757)
4(3455 5877 3515 5817)
4(3456 5937 3516 5877)
4(3457 5997 3517 5937)
4(3458 6057 3518 5997)
4(3459 6117 3519 6057)
4(3460 6177 3520 6117)
4(3461 6237 3521 6177)
4(3462 6297 3522 6237)
4(3463 6357 3523 6297)
4(3464 6417 3524 6357)
4(3465 6477 3525 6417)
4(3466 6537 3526 6477)
4(3467 6597 3527 6537)
4(3468 6657 3528 6597)
4(3469 6717 3529 6657)
4(3470 6777 3530 6717)
4(3471 6837 3531 6777)
4(3472 6897 3532 6837)
4(3473 6957 3533 6897)
4(3474 7017 3534 6957)
4(3475 7077 3535 7017)
4(3476 7137 3536 7077)
4(3477 7197 3537 7137)
4(3478 7257 3538 7197)
4(3479 7317 3539 7257)
4(3480 3778 3540 3718)
4(3481 3838 3541 3778)
4(3482 3898 3542 3838)
4(3483 3958 3543 3898)
4(3484 4018 3544 3958)
4(3485 4078 3545 4018)
4(3486 4138 3546 4078)
4(3487 4198 3547 4138)
4(3488 4258 3548 4198)
4(3489 4318 3549 4258)
4(3490 4378 3550 4318)
4(3491 4438 3551 4378)
4(3492 4498 3552 4438)
4(3493 4558 3553 4498)
4(3494 4618 3554 4558)
4(3495 4678 3555 4618)
4(3496 4738 3556 4678)
4(3497 4798 3557 4738)
4(3498 4858 3558 4798)
4(3499 4918 3559 4858)
4(3500 4978 3560 4918)
4(3501 5038 3561 4978)
4(3502 5098 3562 5038)
4(3503 5158 3563 5098)
4(3504 5218 3564 5158)
4(3505 5278 3565 5218)
4(3506 5338 3566 5278)
4(3507 5398 3567 5338)
4(3508 5458 3568 5398)
4(3509 5518 3569 5458)
4(3510 5578 3570 5518)
4(3511 5638 3571 5578)
4(3512 5698 3572 5638)
4(3513 5758 3573 5698)
4(3514 5818 3574 5758)
4(3515 5878 3575 5818)
4(3516 5938 3576 5878)
4(3517 5998 3577 5938)
4(3518 6058 3578 5998)
4(3519 6118 3579 6058)
4(3520 6178 3580 6118)
4(3521 6238 3581 6178)
4(3522 6298 3582 6238)
4(3523 6358 3583 6298)
4(3524 6418 3584 6358)
4(3525 6478 3585 6418)
4(3526 6538 3586 6478)
4(3527 6598 3587 6538)
4(3528 6658 3588 6598)
4(3529 6718 3589 6658)
4(3530 6778 3590 6718)
4(3531 6838 3591 6778)
4(3532 6898 3592 6838)
4(3533 6958 3593 6898)
4(3534 7018 3594 6958)
4(3535 7078 3595 7018)
4(3536 7138 3596 7078)
4(3537 7198 3597 7138)
4(3538 7258 3598 7198)
4(3539 7318 3599 7258)
4(3540 3779 3600 3719)
4(3541 3839 3601 3779)
4(3542 3899 3602 3839)
4(3543 3959 3603 3899)
4(3544 4019 3604 3959)
4(3545 4079 3605 4019)
4(3546 4139 3606 4079)
4(3547 4199 3607 4139)
4(3548 4259 3608 4199)
4(3549 4319 3609 4259)
4(3550 4379 3610 4319)
4(3551 4439 3611 4379)
4(3552 4499 3612 4439)
4(3553 4559 3613 4499)
4(3554 4619 3614 4559)
4(3555 4679 3615 4619)
4(3556 4739 3616 4679)
4(3557 4799 3617 4739)
4(3558 4859 3618 4799)
4(3559 4919 3619 4859)
4(3560 4979 3620 4919)
4(3561 5039 3621 4979)
4(3562 5099 3622 5039)
4(3563 5159 3623 5099)
4(3564 5219 3624 5159)
4(3565 5279 3625 5219)
4(3566 5339 3626 5279)
4(3567 5399 3627 5339)
4(3568 5459 3628 5399)
4(3569 5519 3629 5459)
4(3570 5579 3630 5519)
4(3571 5639 3631 5579)
4(3572 5699 3632 5639)
4(3573 5759 3633 5699)
4(3574 5819 3634 5759)
4(3575 5879 3635 5819)
4(3576 5939 3636 5879)
4(3577 5999 3637 5939)
4(3578 6059 3638 5999)
4(3579 6119 3639 6059)
4(3580 6179 3640 6119)
4(3581 6239 3641 6179)
4(3582 6299 3642 6239)
4(3583 6359 3643 6299)
4(3584 6419 3644 6359)
4(3585 6479 3645 6419)
4(3586 6539 3646 6479)
4(3587 6599 3647 6539)
4(3588 6659 3648 6599)
4(3589 6719 3649 6659)
4(3590 6779 3650 6719)
4(3591 6839 3651 6779)
4(3592 6899 3652 6839)
4(3593 6959 3653 6899)
4(3594 7019 3654 6959)
4(3595 7079 3655 7019)
4(3596 7139 3656 7079)
4(3597 7199 3657 7139)
4(3598 7259 3658 7199)
4(3599 7319 3659 7259)
)
