7320
(
2(0 1)
2(1 2)
2(2 3)
2(3 4)
2(4 5)
2(5 6)
2(6 7)
2(7 8)
2(8 9)
2(9 10)
2(10 11)
2(11 12)
2(12 13)
2(13 14)
2(14 15)
2(15 16)
2(16 17)
2(17 18)
2(18 19)
2(19 20)
2(20 21)
2(21 22)
2(22 23)
2(23 24)
2(24 25)
2(25 26)
2(26 27)
2(27 28)
2(28 29)
2(29 30)
2(30 31)
2(31 32)
2(32 33)
2(33 34)
2(34 35)
2(35 36)
2(36 37)
2(37 38)
2(38 39)
2(39 40)
2(40 41)
2(41 42)
2(42 43)
2(43 44)
2(44 45)
2(45 46)
2(46 47)
2(47 48)
2(48 49)
2(49 50)
2(50 51)
2(51 52)
2(52 53)
2(53 54)
2(54 55)
2(55 56)
2(56 57)
2(57 58)
2(58 59)
2(59 60)
2(61 62)
2(62 63)
2(63 64)
2(64 65)
2(65 66)
2(66 67)
2(67 68)
2(68 69)
2(69 70)
2(70 71)
2(71 72)
2(72 73)
2(73 74)
2(74 75)
2(75 76)
2(76 77)
2(77 78)
2(78 79)
2(79 80)
2(80 81)
2(81 82)
2(82 83)
2(83 84)
2(84 85)
2(85 86)
2(86 87)
2(87 88)
2(88 89)
2(89 90)
2(90 91)
2(91 92)
2(92 93)
2(93 94)
2(94 95)
2(95 96)
2(96 97)
2(97 98)
2(98 99)
2(99 100)
2(100 101)
2(101 102)
2(102 103)
2(103 104)
2(104 105)
2(105 106)
2(106 107)
2(107 108)
2(108 109)
2(109 110)
2(110 111)
2(111 112)
2(112 113)
2(113 114)
2(114 115)
2(115 116)
2(116 117)
2(117 118)
2(118 119)
2(119 120)
2(120 121)
2(122 123)
2(123 124)
2(124 125)
2(125 126)
2(126 127)
2(127 128)
2(128 129)
2(129 130)
2(130 131)
2(131 132)
2(132 133)
2(133 134)
2(134 135)
2(135 136)
2(136 137)
2(137 138)
2(138 139)
2(139 140)
2(140 141)
2(141 142)
2(142 143)
2(143 144)
2(144 145)
2(145 146)
2(146 147)
2(147 148)
2(148 149)
2(149 150)
2(150 151)
2(151 152)
2(152 153)
2(153 154)
2(154 155)
2(155 156)
2(156 157)
2(157 158)
2(158 159)
2(159 160)
2(160 161)
2(161 162)
2(162 163)
2(163 164)
2(164 165)
2(165 166)
2(166 167)
2(167 168)
2(168 169)
2(169 170)
2(170 171)
2(171 172)
2(172 173)
2(173 174)
2(174 175)
2(175 176)
2(176 177)
2(177 178)
2(178 179)
2(179 180)
2(180 181)
2(181 182)
2(183 184)
2(184 185)
2(185 186)
2(186 187)
2(187 188)
2(188 189)
2(189 190)
2(190 191)
2(191 192)
2(192 193)
2(193 194)
2(194 195)
2(195 196)
2(196 197)
2(197 198)
2(198 199)
2(199 200)
2(200 201)
2(201 202)
2(202 203)
2(203 204)
2(204 205)
2(205 206)
2(206 207)
2(207 208)
2(208 209)
2(209 210)
2(210 211)
2(211 212)
2(212 213)
2(213 214)
2(214 215)
2(215 216)
2(216 217)
2(217 218)
2(218 219)
2(219 220)
2(220 221)
2(221 222)
2(222 223)
2(223 224)
2(224 225)
2(225 226)
2(226 227)
2(227 228)
2(228 229)
2(229 230)
2(230 231)
2(231 232)
2(232 233)
2(233 234)
2(234 235)
2(235 236)
2(236 237)
2(237 238)
2(238 239)
2(239 240)
2(240 241)
2(241 242)
2(242 243)
2(244 245)
2(245 246)
2(246 247)
2(247 248)
2(248 249)
2(249 250)
2(250 251)
2(251 252)
2(252 253)
2(253 254)
2(254 255)
2(255 256)
2(256 257)
2(257 258)
2(258 259)
2(259 260)
2(260 261)
2(261 262)
2(262 263)
2(263 264)
2(264 265)
2(265 266)
2(266 267)
2(267 268)
2(268 269)
2(269 270)
2(270 271)
2(271 272)
2(272 273)
2(273 274)
2(274 275)
2(275 276)
2(276 277)
2(277 278)
2(278 279)
2(279 280)
2(280 281)
2(281 282)
2(282 283)
2(283 284)
2(284 285)
2(285 286)
2(286 287)
2(287 288)
2(288 289)
2(289 290)
2(290 291)
2(291 292)
2(292 293)
2(293 294)
2(294 295)
2(295 296)
2(296 297)
2(297 298)
2(298 299)
2(299 300)
2(300 301)
2(301 302)
2(302 303)
2(303 304)
2(305 306)
2(306 307)
2(307 308)
2(308 309)
2(309 310)
2(310 311)
2(311 312)
2(312 313)
2(313 314)
2(314 315)
2(315 316)
2(316 317)
2(317 318)
2(318 319)
2(319 320)
2(320 321)
2(321 322)
2(322 323)
2(323 324)
2(324 325)
2(325 326)
2(326 327)
2(327 328)
2(328 329)
2(329 330)
2(330 331)
2(331 332)
2(332 333)
2(333 334)
2(334 335)
2(335 336)
2(336 337)
2(337 338)
2(338 339)
2(339 340)
2(340 341)
2(341 342)
2(342 343)
2(343 344)
2(344 345)
2(345 346)
2(346 347)
2(347 348)
2(348 349)
2(349 350)
2(350 351)
2(351 352)
2(352 353)
2(353 354)
2(354 355)
2(355 356)
2(356 357)
2(357 358)
2(358 359)
2(359 360)
2(360 361)
2(361 362)
2(362 363)
2(363 364)
2(364 365)
2(366 367)
2(367 368)
2(368 369)
2(369 370)
2(370 371)
2(371 372)
2(372 373)
2(373 374)
2(374 375)
2(375 376)
2(376 377)
2(377 378)
2(378 379)
2(379 380)
2(380 381)
2(381 382)
2(382 383)
2(383 384)
2(384 385)
2(385 386)
2(386 387)
2(387 388)
2(388 389)
2(389 390)
2(390 391)
2(391 392)
2(392 393)
2(393 394)
2(394 395)
2(395 396)
2(396 397)
2(397 398)
2(398 399)
2(399 400)
2(400 401)
2(401 402)
2(402 403)
2(403 404)
2(404 405)
2(405 406)
2(406 407)
2(407 408)
2(408 409)
2(409 410)
2(410 411)
2(411 412)
2(412 413)
2(413 414)
2(414 415)
2(415 416)
2(416 417)
2(417 418)
2(418 419)
2(419 420)
2(420 421)
2(421 422)
2(422 423)
2(423 424)
2(424 425)
2(425 426)
2(427 428)
2(428 429)
2(429 430)
2(430 431)
2(431 432)
2(432 433)
2(433 434)
2(434 435)
2(435 436)
2(436 437)
2(437 438)
2(438 439)
2(439 440)
2(440 441)
2(441 442)
2(442 443)
2(443 444)
2(444 445)
2(445 446)
2(446 447)
2(447 448)
2(448 449)
2(449 450)
2(450 451)
2(451 452)
2(452 453)
2(453 454)
2(454 455)
2(455 456)
2(456 457)
2(457 458)
2(458 459)
2(459 460)
2(460 461)
2(461 462)
2(462 463)
2(463 464)
2(464 465)
2(465 466)
2(466 467)
2(467 468)
2(468 469)
2(469 470)
2(470 471)
2(471 472)
2(472 473)
2(473 474)
2(474 475)
2(475 476)
2(476 477)
2(477 478)
2(478 479)
2(479 480)
2(480 481)
2(481 482)
2(482 483)
2(483 484)
2(484 485)
2(485 486)
2(486 487)
2(488 489)
2(489 490)
2(490 491)
2(491 492)
2(492 493)
2(493 494)
2(494 495)
2(495 496)
2(496 497)
2(497 498)
2(498 499)
2(499 500)
2(500 501)
2(501 502)
2(502 503)
2(503 504)
2(504 505)
2(505 506)
2(506 507)
2(507 508)
2(508 509)
2(509 510)
2(510 511)
2(511 512)
2(512 513)
2(513 514)
2(514 515)
2(515 516)
2(516 517)
2(517 518)
2(518 519)
2(519 520)
2(520 521)
2(521 522)
2(522 523)
2(523 524)
2(524 525)
2(525 526)
2(526 527)
2(527 528)
2(528 529)
2(529 530)
2(530 531)
2(531 532)
2(532 533)
2(533 534)
2(534 535)
2(535 536)
2(536 537)
2(537 538)
2(538 539)
2(539 540)
2(540 541)
2(541 542)
2(542 543)
2(543 544)
2(544 545)
2(545 546)
2(546 547)
2(547 548)
2(549 550)
2(550 551)
2(551 552)
2(552 553)
2(553 554)
2(554 555)
2(555 556)
2(556 557)
2(557 558)
2(558 559)
2(559 560)
2(560 561)
2(561 562)
2(562 563)
2(563 564)
2(564 565)
2(565 566)
2(566 567)
2(567 568)
2(568 569)
2(569 570)
2(570 571)
2(571 572)
2(572 573)
2(573 574)
2(574 575)
2(575 576)
2(576 577)
2(577 578)
2(578 579)
2(579 580)
2(580 581)
2(581 582)
2(582 583)
2(583 584)
2(584 585)
2(585 586)
2(586 587)
2(587 588)
2(588 589)
2(589 590)
2(590 591)
2(591 592)
2(592 593)
2(593 594)
2(594 595)
2(595 596)
2(596 597)
2(597 598)
2(598 599)
2(599 600)
2(600 601)
2(601 602)
2(602 603)
2(603 604)
2(604 605)
2(605 606)
2(606 607)
2(607 608)
2(608 609)
2(610 611)
2(611 612)
2(612 613)
2(613 614)
2(614 615)
2(615 616)
2(616 617)
2(617 618)
2(618 619)
2(619 620)
2(620 621)
2(621 622)
2(622 623)
2(623 624)
2(624 625)
2(625 626)
2(626 627)
2(627 628)
2(628 629)
2(629 630)
2(630 631)
2(631 632)
2(632 633)
2(633 634)
2(634 635)
2(635 636)
2(636 637)
2(637 638)
2(638 639)
2(639 640)
2(640 641)
2(641 642)
2(642 643)
2(643 644)
2(644 645)
2(645 646)
2(646 647)
2(647 648)
2(648 649)
2(649 650)
2(650 651)
2(651 652)
2(652 653)
2(653 654)
2(654 655)
2(655 656)
2(656 657)
2(657 658)
2(658 659)
2(659 660)
2(660 661)
2(661 662)
2(662 663)
2(663 664)
2(664 665)
2(665 666)
2(666 667)
2(667 668)
2(668 669)
2(669 670)
2(671 672)
2(672 673)
2(673 674)
2(674 675)
2(675 676)
2(676 677)
2(677 678)
2(678 679)
2(679 680)
2(680 681)
2(681 682)
2(682 683)
2(683 684)
2(684 685)
2(685 686)
2(686 687)
2(687 688)
2(688 689)
2(689 690)
2(690 691)
2(691 692)
2(692 693)
2(693 694)
2(694 695)
2(695 696)
2(696 697)
2(697 698)
2(698 699)
2(699 700)
2(700 701)
2(701 702)
2(702 703)
2(703 704)
2(704 705)
2(705 706)
2(706 707)
2(707 708)
2(708 709)
2(709 710)
2(710 711)
2(711 712)
2(712 713)
2(713 714)
2(714 715)
2(715 716)
2(716 717)
2(717 718)
2(718 719)
2(719 720)
2(720 721)
2(721 722)
2(722 723)
2(723 724)
2(724 725)
2(725 726)
2(726 727)
2(727 728)
2(728 729)
2(729 730)
2(730 731)
2(732 733)
2(733 734)
2(734 735)
2(735 736)
2(736 737)
2(737 738)
2(738 739)
2(739 740)
2(740 741)
2(741 742)
2(742 743)
2(743 744)
2(744 745)
2(745 746)
2(746 747)
2(747 748)
2(748 749)
2(749 750)
2(750 751)
2(751 752)
2(752 753)
2(753 754)
2(754 755)
2(755 756)
2(756 757)
2(757 758)
2(758 759)
2(759 760)
2(760 761)
2(761 762)
2(762 763)
2(763 764)
2(764 765)
2(765 766)
2(766 767)
2(767 768)
2(768 769)
2(769 770)
2(770 771)
2(771 772)
2(772 773)
2(773 774)
2(774 775)
2(775 776)
2(776 777)
2(777 778)
2(778 779)
2(779 780)
2(780 781)
2(781 782)
2(782 783)
2(783 784)
2(784 785)
2(785 786)
2(786 787)
2(787 788)
2(788 789)
2(789 790)
2(790 791)
2(791 792)
2(793 794)
2(794 795)
2(795 796)
2(796 797)
2(797 798)
2(798 799)
2(799 800)
2(800 801)
2(801 802)
2(802 803)
2(803 804)
2(804 805)
2(805 806)
2(806 807)
2(807 808)
2(808 809)
2(809 810)
2(810 811)
2(811 812)
2(812 813)
2(813 814)
2(814 815)
2(815 816)
2(816 817)
2(817 818)
2(818 819)
2(819 820)
2(820 821)
2(821 822)
2(822 823)
2(823 824)
2(824 825)
2(825 826)
2(826 827)
2(827 828)
2(828 829)
2(829 830)
2(830 831)
2(831 832)
2(832 833)
2(833 834)
2(834 835)
2(835 836)
2(836 837)
2(837 838)
2(838 839)
2(839 840)
2(840 841)
2(841 842)
2(842 843)
2(843 844)
2(844 845)
2(845 846)
2(846 847)
2(847 848)
2(848 849)
2(849 850)
2(850 851)
2(851 852)
2(852 853)
2(854 855)
2(855 856)
2(856 857)
2(857 858)
2(858 859)
2(859 860)
2(860 861)
2(861 862)
2(862 863)
2(863 864)
2(864 865)
2(865 866)
2(866 867)
2(867 868)
2(868 869)
2(869 870)
2(870 871)
2(871 872)
2(872 873)
2(873 874)
2(874 875)
2(875 876)
2(876 877)
2(877 878)
2(878 879)
2(879 880)
2(880 881)
2(881 882)
2(882 883)
2(883 884)
2(884 885)
2(885 886)
2(886 887)
2(887 888)
2(888 889)
2(889 890)
2(890 891)
2(891 892)
2(892 893)
2(893 894)
2(894 895)
2(895 896)
2(896 897)
2(897 898)
2(898 899)
2(899 900)
2(900 901)
2(901 902)
2(902 903)
2(903 904)
2(904 905)
2(905 906)
2(906 907)
2(907 908)
2(908 909)
2(909 910)
2(910 911)
2(911 912)
2(912 913)
2(913 914)
2(915 916)
2(916 917)
2(917 918)
2(918 919)
2(919 920)
2(920 921)
2(921 922)
2(922 923)
2(923 924)
2(924 925)
2(925 926)
2(926 927)
2(927 928)
2(928 929)
2(929 930)
2(930 931)
2(931 932)
2(932 933)
2(933 934)
2(934 935)
2(935 936)
2(936 937)
2(937 938)
2(938 939)
2(939 940)
2(940 941)
2(941 942)
2(942 943)
2(943 944)
2(944 945)
2(945 946)
2(946 947)
2(947 948)
2(948 949)
2(949 950)
2(950 951)
2(951 952)
2(952 953)
2(953 954)
2(954 955)
2(955 956)
2(956 957)
2(957 958)
2(958 959)
2(959 960)
2(960 961)
2(961 962)
2(962 963)
2(963 964)
2(964 965)
2(965 966)
2(966 967)
2(967 968)
2(968 969)
2(969 970)
2(970 971)
2(971 972)
2(972 973)
2(973 974)
2(974 975)
2(976 977)
2(977 978)
2(978 979)
2(979 980)
2(980 981)
2(981 982)
2(982 983)
2(983 984)
2(984 985)
2(985 986)
2(986 987)
2(987 988)
2(988 989)
2(989 990)
2(990 991)
2(991 992)
2(992 993)
2(993 994)
2(994 995)
2(995 996)
2(996 997)
2(997 998)
2(998 999)
2(999 1000)
2(1000 1001)
2(1001 1002)
2(1002 1003)
2(1003 1004)
2(1004 1005)
2(1005 1006)
2(1006 1007)
2(1007 1008)
2(1008 1009)
2(1009 1010)
2(1010 1011)
2(1011 1012)
2(1012 1013)
2(1013 1014)
2(1014 1015)
2(1015 1016)
2(1016 1017)
2(1017 1018)
2(1018 1019)
2(1019 1020)
2(1020 1021)
2(1021 1022)
2(1022 1023)
2(1023 1024)
2(1024 1025)
2(1025 1026)
2(1026 1027)
2(1027 1028)
2(1028 1029)
2(1029 1030)
2(1030 1031)
2(1031 1032)
2(1032 1033)
2(1033 1034)
2(1034 1035)
2(1035 1036)
2(1037 1038)
2(1038 1039)
2(1039 1040)
2(1040 1041)
2(1041 1042)
2(1042 1043)
2(1043 1044)
2(1044 1045)
2(1045 1046)
2(1046 1047)
2(1047 1048)
2(1048 1049)
2(1049 1050)
2(1050 1051)
2(1051 1052)
2(1052 1053)
2(1053 1054)
2(1054 1055)
2(1055 1056)
2(1056 1057)
2(1057 1058)
2(1058 1059)
2(1059 1060)
2(1060 1061)
2(1061 1062)
2(1062 1063)
2(1063 1064)
2(1064 1065)
2(1065 1066)
2(1066 1067)
2(1067 1068)
2(1068 1069)
2(1069 1070)
2(1070 1071)
2(1071 1072)
2(1072 1073)
2(1073 1074)
2(1074 1075)
2(1075 1076)
2(1076 1077)
2(1077 1078)
2(1078 1079)
2(1079 1080)
2(1080 1081)
2(1081 1082)
2(1082 1083)
2(1083 1084)
2(1084 1085)
2(1085 1086)
2(1086 1087)
2(1087 1088)
2(1088 1089)
2(1089 1090)
2(1090 1091)
2(1091 1092)
2(1092 1093)
2(1093 1094)
2(1094 1095)
2(1095 1096)
2(1096 1097)
2(1098 1099)
2(1099 1100)
2(1100 1101)
2(1101 1102)
2(1102 1103)
2(1103 1104)
2(1104 1105)
2(1105 1106)
2(1106 1107)
2(1107 1108)
2(1108 1109)
2(1109 1110)
2(1110 1111)
2(1111 1112)
2(1112 1113)
2(1113 1114)
2(1114 1115)
2(1115 1116)
2(1116 1117)
2(1117 1118)
2(1118 1119)
2(1119 1120)
2(1120 1121)
2(1121 1122)
2(1122 1123)
2(1123 1124)
2(1124 1125)
2(1125 1126)
2(1126 1127)
2(1127 1128)
2(1128 1129)
2(1129 1130)
2(1130 1131)
2(1131 1132)
2(1132 1133)
2(1133 1134)
2(1134 1135)
2(1135 1136)
2(1136 1137)
2(1137 1138)
2(1138 1139)
2(1139 1140)
2(1140 1141)
2(1141 1142)
2(1142 1143)
2(1143 1144)
2(1144 1145)
2(1145 1146)
2(1146 1147)
2(1147 1148)
2(1148 1149)
2(1149 1150)
2(1150 1151)
2(1151 1152)
2(1152 1153)
2(1153 1154)
2(1154 1155)
2(1155 1156)
2(1156 1157)
2(1157 1158)
2(1159 1160)
2(1160 1161)
2(1161 1162)
2(1162 1163)
2(1163 1164)
2(1164 1165)
2(1165 1166)
2(1166 1167)
2(1167 1168)
2(1168 1169)
2(1169 1170)
2(1170 1171)
2(1171 1172)
2(1172 1173)
2(1173 1174)
2(1174 1175)
2(1175 1176)
2(1176 1177)
2(1177 1178)
2(1178 1179)
2(1179 1180)
2(1180 1181)
2(1181 1182)
2(1182 1183)
2(1183 1184)
2(1184 1185)
2(1185 1186)
2(1186 1187)
2(1187 1188)
2(1188 1189)
2(1189 1190)
2(1190 1191)
2(1191 1192)
2(1192 1193)
2(1193 1194)
2(1194 1195)
2(1195 1196)
2(1196 1197)
2(1197 1198)
2(1198 1199)
2(1199 1200)
2(1200 1201)
2(1201 1202)
2(1202 1203)
2(1203 1204)
2(1204 1205)
2(1205 1206)
2(1206 1207)
2(1207 1208)
2(1208 1209)
2(1209 1210)
2(1210 1211)
2(1211 1212)
2(1212 1213)
2(1213 1214)
2(1214 1215)
2(1215 1216)
2(1216 1217)
2(1217 1218)
2(1218 1219)
2(1220 1221)
2(1221 1222)
2(1222 1223)
2(1223 1224)
2(1224 1225)
2(1225 1226)
2(1226 1227)
2(1227 1228)
2(1228 1229)
2(1229 1230)
2(1230 1231)
2(1231 1232)
2(1232 1233)
2(1233 1234)
2(1234 1235)
2(1235 1236)
2(1236 1237)
2(1237 1238)
2(1238 1239)
2(1239 1240)
2(1240 1241)
2(1241 1242)
2(1242 1243)
2(1243 1244)
2(1244 1245)
2(1245 1246)
2(1246 1247)
2(1247 1248)
2(1248 1249)
2(1249 1250)
2(1250 1251)
2(1251 1252)
2(1252 1253)
2(1253 1254)
2(1254 1255)
2(1255 1256)
2(1256 1257)
2(1257 1258)
2(1258 1259)
2(1259 1260)
2(1260 1261)
2(1261 1262)
2(1262 1263)
2(1263 1264)
2(1264 1265)
2(1265 1266)
2(1266 1267)
2(1267 1268)
2(1268 1269)
2(1269 1270)
2(1270 1271)
2(1271 1272)
2(1272 1273)
2(1273 1274)
2(1274 1275)
2(1275 1276)
2(1276 1277)
2(1277 1278)
2(1278 1279)
2(1279 1280)
2(1281 1282)
2(1282 1283)
2(1283 1284)
2(1284 1285)
2(1285 1286)
2(1286 1287)
2(1287 1288)
2(1288 1289)
2(1289 1290)
2(1290 1291)
2(1291 1292)
2(1292 1293)
2(1293 1294)
2(1294 1295)
2(1295 1296)
2(1296 1297)
2(1297 1298)
2(1298 1299)
2(1299 1300)
2(1300 1301)
2(1301 1302)
2(1302 1303)
2(1303 1304)
2(1304 1305)
2(1305 1306)
2(1306 1307)
2(1307 1308)
2(1308 1309)
2(1309 1310)
2(1310 1311)
2(1311 1312)
2(1312 1313)
2(1313 1314)
2(1314 1315)
2(1315 1316)
2(1316 1317)
2(1317 1318)
2(1318 1319)
2(1319 1320)
2(1320 1321)
2(1321 1322)
2(1322 1323)
2(1323 1324)
2(1324 1325)
2(1325 1326)
2(1326 1327)
2(1327 1328)
2(1328 1329)
2(1329 1330)
2(1330 1331)
2(1331 1332)
2(1332 1333)
2(1333 1334)
2(1334 1335)
2(1335 1336)
2(1336 1337)
2(1337 1338)
2(1338 1339)
2(1339 1340)
2(1340 1341)
2(1342 1343)
2(1343 1344)
2(1344 1345)
2(1345 1346)
2(1346 1347)
2(1347 1348)
2(1348 1349)
2(1349 1350)
2(1350 1351)
2(1351 1352)
2(1352 1353)
2(1353 1354)
2(1354 1355)
2(1355 1356)
2(1356 1357)
2(1357 1358)
2(1358 1359)
2(1359 1360)
2(1360 1361)
2(1361 1362)
2(1362 1363)
2(1363 1364)
2(1364 1365)
2(1365 1366)
2(1366 1367)
2(1367 1368)
2(1368 1369)
2(1369 1370)
2(1370 1371)
2(1371 1372)
2(1372 1373)
2(1373 1374)
2(1374 1375)
2(1375 1376)
2(1376 1377)
2(1377 1378)
2(1378 1379)
2(1379 1380)
2(1380 1381)
2(1381 1382)
2(1382 1383)
2(1383 1384)
2(1384 1385)
2(1385 1386)
2(1386 1387)
2(1387 1388)
2(1388 1389)
2(1389 1390)
2(1390 1391)
2(1391 1392)
2(1392 1393)
2(1393 1394)
2(1394 1395)
2(1395 1396)
2(1396 1397)
2(1397 1398)
2(1398 1399)
2(1399 1400)
2(1400 1401)
2(1401 1402)
2(1403 1404)
2(1404 1405)
2(1405 1406)
2(1406 1407)
2(1407 1408)
2(1408 1409)
2(1409 1410)
2(1410 1411)
2(1411 1412)
2(1412 1413)
2(1413 1414)
2(1414 1415)
2(1415 1416)
2(1416 1417)
2(1417 1418)
2(1418 1419)
2(1419 1420)
2(1420 1421)
2(1421 1422)
2(1422 1423)
2(1423 1424)
2(1424 1425)
2(1425 1426)
2(1426 1427)
2(1427 1428)
2(1428 1429)
2(1429 1430)
2(1430 1431)
2(1431 1432)
2(1432 1433)
2(1433 1434)
2(1434 1435)
2(1435 1436)
2(1436 1437)
2(1437 1438)
2(1438 1439)
2(1439 1440)
2(1440 1441)
2(1441 1442)
2(1442 1443)
2(1443 1444)
2(1444 1445)
2(1445 1446)
2(1446 1447)
2(1447 1448)
2(1448 1449)
2(1449 1450)
2(1450 1451)
2(1451 1452)
2(1452 1453)
2(1453 1454)
2(1454 1455)
2(1455 1456)
2(1456 1457)
2(1457 1458)
2(1458 1459)
2(1459 1460)
2(1460 1461)
2(1461 1462)
2(1462 1463)
2(1464 1465)
2(1465 1466)
2(1466 1467)
2(1467 1468)
2(1468 1469)
2(1469 1470)
2(1470 1471)
2(1471 1472)
2(1472 1473)
2(1473 1474)
2(1474 1475)
2(1475 1476)
2(1476 1477)
2(1477 1478)
2(1478 1479)
2(1479 1480)
2(1480 1481)
2(1481 1482)
2(1482 1483)
2(1483 1484)
2(1484 1485)
2(1485 1486)
2(1486 1487)
2(1487 1488)
2(1488 1489)
2(1489 1490)
2(1490 1491)
2(1491 1492)
2(1492 1493)
2(1493 1494)
2(1494 1495)
2(1495 1496)
2(1496 1497)
2(1497 1498)
2(1498 1499)
2(1499 1500)
2(1500 1501)
2(1501 1502)
2(1502 1503)
2(1503 1504)
2(1504 1505)
2(1505 1506)
2(1506 1507)
2(1507 1508)
2(1508 1509)
2(1509 1510)
2(1510 1511)
2(1511 1512)
2(1512 1513)
2(1513 1514)
2(1514 1515)
2(1515 1516)
2(1516 1517)
2(1517 1518)
2(1518 1519)
2(1519 1520)
2(1520 1521)
2(1521 1522)
2(1522 1523)
2(1523 1524)
2(1525 1526)
2(1526 1527)
2(1527 1528)
2(1528 1529)
2(1529 1530)
2(1530 1531)
2(1531 1532)
2(1532 1533)
2(1533 1534)
2(1534 1535)
2(1535 1536)
2(1536 1537)
2(1537 1538)
2(1538 1539)
2(1539 1540)
2(1540 1541)
2(1541 1542)
2(1542 1543)
2(1543 1544)
2(1544 1545)
2(1545 1546)
2(1546 1547)
2(1547 1548)
2(1548 1549)
2(1549 1550)
2(1550 1551)
2(1551 1552)
2(1552 1553)
2(1553 1554)
2(1554 1555)
2(1555 1556)
2(1556 1557)
2(1557 1558)
2(1558 1559)
2(1559 1560)
2(1560 1561)
2(1561 1562)
2(1562 1563)
2(1563 1564)
2(1564 1565)
2(1565 1566)
2(1566 1567)
2(1567 1568)
2(1568 1569)
2(1569 1570)
2(1570 1571)
2(1571 1572)
2(1572 1573)
2(1573 1574)
2(1574 1575)
2(1575 1576)
2(1576 1577)
2(1577 1578)
2(1578 1579)
2(1579 1580)
2(1580 1581)
2(1581 1582)
2(1582 1583)
2(1583 1584)
2(1584 1585)
2(1586 1587)
2(1587 1588)
2(1588 1589)
2(1589 1590)
2(1590 1591)
2(1591 1592)
2(1592 1593)
2(1593 1594)
2(1594 1595)
2(1595 1596)
2(1596 1597)
2(1597 1598)
2(1598 1599)
2(1599 1600)
2(1600 1601)
2(1601 1602)
2(1602 1603)
2(1603 1604)
2(1604 1605)
2(1605 1606)
2(1606 1607)
2(1607 1608)
2(1608 1609)
2(1609 1610)
2(1610 1611)
2(1611 1612)
2(1612 1613)
2(1613 1614)
2(1614 1615)
2(1615 1616)
2(1616 1617)
2(1617 1618)
2(1618 1619)
2(1619 1620)
2(1620 1621)
2(1621 1622)
2(1622 1623)
2(1623 1624)
2(1624 1625)
2(1625 1626)
2(1626 1627)
2(1627 1628)
2(1628 1629)
2(1629 1630)
2(1630 1631)
2(1631 1632)
2(1632 1633)
2(1633 1634)
2(1634 1635)
2(1635 1636)
2(1636 1637)
2(1637 1638)
2(1638 1639)
2(1639 1640)
2(1640 1641)
2(1641 1642)
2(1642 1643)
2(1643 1644)
2(1644 1645)
2(1645 1646)
2(1647 1648)
2(1648 1649)
2(1649 1650)
2(1650 1651)
2(1651 1652)
2(1652 1653)
2(1653 1654)
2(1654 1655)
2(1655 1656)
2(1656 1657)
2(1657 1658)
2(1658 1659)
2(1659 1660)
2(1660 1661)
2(1661 1662)
2(1662 1663)
2(1663 1664)
2(1664 1665)
2(1665 1666)
2(1666 1667)
2(1667 1668)
2(1668 1669)
2(1669 1670)
2(1670 1671)
2(1671 1672)
2(1672 1673)
2(1673 1674)
2(1674 1675)
2(1675 1676)
2(1676 1677)
2(1677 1678)
2(1678 1679)
2(1679 1680)
2(1680 1681)
2(1681 1682)
2(1682 1683)
2(1683 1684)
2(1684 1685)
2(1685 1686)
2(1686 1687)
2(1687 1688)
2(1688 1689)
2(1689 1690)
2(1690 1691)
2(1691 1692)
2(1692 1693)
2(1693 1694)
2(1694 1695)
2(1695 1696)
2(1696 1697)
2(1697 1698)
2(1698 1699)
2(1699 1700)
2(1700 1701)
2(1701 1702)
2(1702 1703)
2(1703 1704)
2(1704 1705)
2(1705 1706)
2(1706 1707)
2(1708 1709)
2(1709 1710)
2(1710 1711)
2(1711 1712)
2(1712 1713)
2(1713 1714)
2(1714 1715)
2(1715 1716)
2(1716 1717)
2(1717 1718)
2(1718 1719)
2(1719 1720)
2(1720 1721)
2(1721 1722)
2(1722 1723)
2(1723 1724)
2(1724 1725)
2(1725 1726)
2(1726 1727)
2(1727 1728)
2(1728 1729)
2(1729 1730)
2(1730 1731)
2(1731 1732)
2(1732 1733)
2(1733 1734)
2(1734 1735)
2(1735 1736)
2(1736 1737)
2(1737 1738)
2(1738 1739)
2(1739 1740)
2(1740 1741)
2(1741 1742)
2(1742 1743)
2(1743 1744)
2(1744 1745)
2(1745 1746)
2(1746 1747)
2(1747 1748)
2(1748 1749)
2(1749 1750)
2(1750 1751)
2(1751 1752)
2(1752 1753)
2(1753 1754)
2(1754 1755)
2(1755 1756)
2(1756 1757)
2(1757 1758)
2(1758 1759)
2(1759 1760)
2(1760 1761)
2(1761 1762)
2(1762 1763)
2(1763 1764)
2(1764 1765)
2(1765 1766)
2(1766 1767)
2(1767 1768)
2(1769 1770)
2(1770 1771)
2(1771 1772)
2(1772 1773)
2(1773 1774)
2(1774 1775)
2(1775 1776)
2(1776 1777)
2(1777 1778)
2(1778 1779)
2(1779 1780)
2(1780 1781)
2(1781 1782)
2(1782 1783)
2(1783 1784)
2(1784 1785)
2(1785 1786)
2(1786 1787)
2(1787 1788)
2(1788 1789)
2(1789 1790)
2(1790 1791)
2(1791 1792)
2(1792 1793)
2(1793 1794)
2(1794 1795)
2(1795 1796)
2(1796 1797)
2(1797 1798)
2(1798 1799)
2(1799 1800)
2(1800 1801)
2(1801 1802)
2(1802 1803)
2(1803 1804)
2(1804 1805)
2(1805 1806)
2(1806 1807)
2(1807 1808)
2(1808 1809)
2(1809 1810)
2(1810 1811)
2(1811 1812)
2(1812 1813)
2(1813 1814)
2(1814 1815)
2(1815 1816)
2(1816 1817)
2(1817 1818)
2(1818 1819)
2(1819 1820)
2(1820 1821)
2(1821 1822)
2(1822 1823)
2(1823 1824)
2(1824 1825)
2(1825 1826)
2(1826 1827)
2(1827 1828)
2(1828 1829)
2(1830 1831)
2(1831 1832)
2(1832 1833)
2(1833 1834)
2(1834 1835)
2(1835 1836)
2(1836 1837)
2(1837 1838)
2(1838 1839)
2(1839 1840)
2(1840 1841)
2(1841 1842)
2(1842 1843)
2(1843 1844)
2(1844 1845)
2(1845 1846)
2(1846 1847)
2(1847 1848)
2(1848 1849)
2(1849 1850)
2(1850 1851)
2(1851 1852)
2(1852 1853)
2(1853 1854)
2(1854 1855)
2(1855 1856)
2(1856 1857)
2(1857 1858)
2(1858 1859)
2(1859 1860)
2(1860 1861)
2(1861 1862)
2(1862 1863)
2(1863 1864)
2(1864 1865)
2(1865 1866)
2(1866 1867)
2(1867 1868)
2(1868 1869)
2(1869 1870)
2(1870 1871)
2(1871 1872)
2(1872 1873)
2(1873 1874)
2(1874 1875)
2(1875 1876)
2(1876 1877)
2(1877 1878)
2(1878 1879)
2(1879 1880)
2(1880 1881)
2(1881 1882)
2(1882 1883)
2(1883 1884)
2(1884 1885)
2(1885 1886)
2(1886 1887)
2(1887 1888)
2(1888 1889)
2(1889 1890)
2(1891 1892)
2(1892 1893)
2(1893 1894)
2(1894 1895)
2(1895 1896)
2(1896 1897)
2(1897 1898)
2(1898 1899)
2(1899 1900)
2(1900 1901)
2(1901 1902)
2(1902 1903)
2(1903 1904)
2(1904 1905)
2(1905 1906)
2(1906 1907)
2(1907 1908)
2(1908 1909)
2(1909 1910)
2(1910 1911)
2(1911 1912)
2(1912 1913)
2(1913 1914)
2(1914 1915)
2(1915 1916)
2(1916 1917)
2(1917 1918)
2(1918 1919)
2(1919 1920)
2(1920 1921)
2(1921 1922)
2(1922 1923)
2(1923 1924)
2(1924 1925)
2(1925 1926)
2(1926 1927)
2(1927 1928)
2(1928 1929)
2(1929 1930)
2(1930 1931)
2(1931 1932)
2(1932 1933)
2(1933 1934)
2(1934 1935)
2(1935 1936)
2(1936 1937)
2(1937 1938)
2(1938 1939)
2(1939 1940)
2(1940 1941)
2(1941 1942)
2(1942 1943)
2(1943 1944)
2(1944 1945)
2(1945 1946)
2(1946 1947)
2(1947 1948)
2(1948 1949)
2(1949 1950)
2(1950 1951)
2(1952 1953)
2(1953 1954)
2(1954 1955)
2(1955 1956)
2(1956 1957)
2(1957 1958)
2(1958 1959)
2(1959 1960)
2(1960 1961)
2(1961 1962)
2(1962 1963)
2(1963 1964)
2(1964 1965)
2(1965 1966)
2(1966 1967)
2(1967 1968)
2(1968 1969)
2(1969 1970)
2(1970 1971)
2(1971 1972)
2(1972 1973)
2(1973 1974)
2(1974 1975)
2(1975 1976)
2(1976 1977)
2(1977 1978)
2(1978 1979)
2(1979 1980)
2(1980 1981)
2(1981 1982)
2(1982 1983)
2(1983 1984)
2(1984 1985)
2(1985 1986)
2(1986 1987)
2(1987 1988)
2(1988 1989)
2(1989 1990)
2(1990 1991)
2(1991 1992)
2(1992 1993)
2(1993 1994)
2(1994 1995)
2(1995 1996)
2(1996 1997)
2(1997 1998)
2(1998 1999)
2(1999 2000)
2(2000 2001)
2(2001 2002)
2(2002 2003)
2(2003 2004)
2(2004 2005)
2(2005 2006)
2(2006 2007)
2(2007 2008)
2(2008 2009)
2(2009 2010)
2(2010 2011)
2(2011 2012)
2(2013 2014)
2(2014 2015)
2(2015 2016)
2(2016 2017)
2(2017 2018)
2(2018 2019)
2(2019 2020)
2(2020 2021)
2(2021 2022)
2(2022 2023)
2(2023 2024)
2(2024 2025)
2(2025 2026)
2(2026 2027)
2(2027 2028)
2(2028 2029)
2(2029 2030)
2(2030 2031)
2(2031 2032)
2(2032 2033)
2(2033 2034)
2(2034 2035)
2(2035 2036)
2(2036 2037)
2(2037 2038)
2(2038 2039)
2(2039 2040)
2(2040 2041)
2(2041 2042)
2(2042 2043)
2(2043 2044)
2(2044 2045)
2(2045 2046)
2(2046 2047)
2(2047 2048)
2(2048 2049)
2(2049 2050)
2(2050 2051)
2(2051 2052)
2(2052 2053)
2(2053 2054)
2(2054 2055)
2(2055 2056)
2(2056 2057)
2(2057 2058)
2(2058 2059)
2(2059 2060)
2(2060 2061)
2(2061 2062)
2(2062 2063)
2(2063 2064)
2(2064 2065)
2(2065 2066)
2(2066 2067)
2(2067 2068)
2(2068 2069)
2(2069 2070)
2(2070 2071)
2(2071 2072)
2(2072 2073)
2(2074 2075)
2(2075 2076)
2(2076 2077)
2(2077 2078)
2(2078 2079)
2(2079 2080)
2(2080 2081)
2(2081 2082)
2(2082 2083)
2(2083 2084)
2(2084 2085)
2(2085 2086)
2(2086 2087)
2(2087 2088)
2(2088 2089)
2(2089 2090)
2(2090 2091)
2(2091 2092)
2(2092 2093)
2(2093 2094)
2(2094 2095)
2(2095 2096)
2(2096 2097)
2(2097 2098)
2(2098 2099)
2(2099 2100)
2(2100 2101)
2(2101 2102)
2(2102 2103)
2(2103 2104)
2(2104 2105)
2(2105 2106)
2(2106 2107)
2(2107 2108)
2(2108 2109)
2(2109 2110)
2(2110 2111)
2(2111 2112)
2(2112 2113)
2(2113 2114)
2(2114 2115)
2(2115 2116)
2(2116 2117)
2(2117 2118)
2(2118 2119)
2(2119 2120)
2(2120 2121)
2(2121 2122)
2(2122 2123)
2(2123 2124)
2(2124 2125)
2(2125 2126)
2(2126 2127)
2(2127 2128)
2(2128 2129)
2(2129 2130)
2(2130 2131)
2(2131 2132)
2(2132 2133)
2(2133 2134)
2(2135 2136)
2(2136 2137)
2(2137 2138)
2(2138 2139)
2(2139 2140)
2(2140 2141)
2(2141 2142)
2(2142 2143)
2(2143 2144)
2(2144 2145)
2(2145 2146)
2(2146 2147)
2(2147 2148)
2(2148 2149)
2(2149 2150)
2(2150 2151)
2(2151 2152)
2(2152 2153)
2(2153 2154)
2(2154 2155)
2(2155 2156)
2(2156 2157)
2(2157 2158)
2(2158 2159)
2(2159 2160)
2(2160 2161)
2(2161 2162)
2(2162 2163)
2(2163 2164)
2(2164 2165)
2(2165 2166)
2(2166 2167)
2(2167 2168)
2(2168 2169)
2(2169 2170)
2(2170 2171)
2(2171 2172)
2(2172 2173)
2(2173 2174)
2(2174 2175)
2(2175 2176)
2(2176 2177)
2(2177 2178)
2(2178 2179)
2(2179 2180)
2(2180 2181)
2(2181 2182)
2(2182 2183)
2(2183 2184)
2(2184 2185)
2(2185 2186)
2(2186 2187)
2(2187 2188)
2(2188 2189)
2(2189 2190)
2(2190 2191)
2(2191 2192)
2(2192 2193)
2(2193 2194)
2(2194 2195)
2(2196 2197)
2(2197 2198)
2(2198 2199)
2(2199 2200)
2(2200 2201)
2(2201 2202)
2(2202 2203)
2(2203 2204)
2(2204 2205)
2(2205 2206)
2(2206 2207)
2(2207 2208)
2(2208 2209)
2(2209 2210)
2(2210 2211)
2(2211 2212)
2(2212 2213)
2(2213 2214)
2(2214 2215)
2(2215 2216)
2(2216 2217)
2(2217 2218)
2(2218 2219)
2(2219 2220)
2(2220 2221)
2(2221 2222)
2(2222 2223)
2(2223 2224)
2(2224 2225)
2(2225 2226)
2(2226 2227)
2(2227 2228)
2(2228 2229)
2(2229 2230)
2(2230 2231)
2(2231 2232)
2(2232 2233)
2(2233 2234)
2(2234 2235)
2(2235 2236)
2(2236 2237)
2(2237 2238)
2(2238 2239)
2(2239 2240)
2(2240 2241)
2(2241 2242)
2(2242 2243)
2(2243 2244)
2(2244 2245)
2(2245 2246)
2(2246 2247)
2(2247 2248)
2(2248 2249)
2(2249 2250)
2(2250 2251)
2(2251 2252)
2(2252 2253)
2(2253 2254)
2(2254 2255)
2(2255 2256)
2(2257 2258)
2(2258 2259)
2(2259 2260)
2(2260 2261)
2(2261 2262)
2(2262 2263)
2(2263 2264)
2(2264 2265)
2(2265 2266)
2(2266 2267)
2(2267 2268)
2(2268 2269)
2(2269 2270)
2(2270 2271)
2(2271 2272)
2(2272 2273)
2(2273 2274)
2(2274 2275)
2(2275 2276)
2(2276 2277)
2(2277 2278)
2(2278 2279)
2(2279 2280)
2(2280 2281)
2(2281 2282)
2(2282 2283)
2(2283 2284)
2(2284 2285)
2(2285 2286)
2(2286 2287)
2(2287 2288)
2(2288 2289)
2(2289 2290)
2(2290 2291)
2(2291 2292)
2(2292 2293)
2(2293 2294)
2(2294 2295)
2(2295 2296)
2(2296 2297)
2(2297 2298)
2(2298 2299)
2(2299 2300)
2(2300 2301)
2(2301 2302)
2(2302 2303)
2(2303 2304)
2(2304 2305)
2(2305 2306)
2(2306 2307)
2(2307 2308)
2(2308 2309)
2(2309 2310)
2(2310 2311)
2(2311 2312)
2(2312 2313)
2(2313 2314)
2(2314 2315)
2(2315 2316)
2(2316 2317)
2(2318 2319)
2(2319 2320)
2(2320 2321)
2(2321 2322)
2(2322 2323)
2(2323 2324)
2(2324 2325)
2(2325 2326)
2(2326 2327)
2(2327 2328)
2(2328 2329)
2(2329 2330)
2(2330 2331)
2(2331 2332)
2(2332 2333)
2(2333 2334)
2(2334 2335)
2(2335 2336)
2(2336 2337)
2(2337 2338)
2(2338 2339)
2(2339 2340)
2(2340 2341)
2(2341 2342)
2(2342 2343)
2(2343 2344)
2(2344 2345)
2(2345 2346)
2(2346 2347)
2(2347 2348)
2(2348 2349)
2(2349 2350)
2(2350 2351)
2(2351 2352)
2(2352 2353)
2(2353 2354)
2(2354 2355)
2(2355 2356)
2(2356 2357)
2(2357 2358)
2(2358 2359)
2(2359 2360)
2(2360 2361)
2(2361 2362)
2(2362 2363)
2(2363 2364)
2(2364 2365)
2(2365 2366)
2(2366 2367)
2(2367 2368)
2(2368 2369)
2(2369 2370)
2(2370 2371)
2(2371 2372)
2(2372 2373)
2(2373 2374)
2(2374 2375)
2(2375 2376)
2(2376 2377)
2(2377 2378)
2(2379 2380)
2(2380 2381)
2(2381 2382)
2(2382 2383)
2(2383 2384)
2(2384 2385)
2(2385 2386)
2(2386 2387)
2(2387 2388)
2(2388 2389)
2(2389 2390)
2(2390 2391)
2(2391 2392)
2(2392 2393)
2(2393 2394)
2(2394 2395)
2(2395 2396)
2(2396 2397)
2(2397 2398)
2(2398 2399)
2(2399 2400)
2(2400 2401)
2(2401 2402)
2(2402 2403)
2(2403 2404)
2(2404 2405)
2(2405 2406)
2(2406 2407)
2(2407 2408)
2(2408 2409)
2(2409 2410)
2(2410 2411)
2(2411 2412)
2(2412 2413)
2(2413 2414)
2(2414 2415)
2(2415 2416)
2(2416 2417)
2(2417 2418)
2(2418 2419)
2(2419 2420)
2(2420 2421)
2(2421 2422)
2(2422 2423)
2(2423 2424)
2(2424 2425)
2(2425 2426)
2(2426 2427)
2(2427 2428)
2(2428 2429)
2(2429 2430)
2(2430 2431)
2(2431 2432)
2(2432 2433)
2(2433 2434)
2(2434 2435)
2(2435 2436)
2(2436 2437)
2(2437 2438)
2(2438 2439)
2(2440 2441)
2(2441 2442)
2(2442 2443)
2(2443 2444)
2(2444 2445)
2(2445 2446)
2(2446 2447)
2(2447 2448)
2(2448 2449)
2(2449 2450)
2(2450 2451)
2(2451 2452)
2(2452 2453)
2(2453 2454)
2(2454 2455)
2(2455 2456)
2(2456 2457)
2(2457 2458)
2(2458 2459)
2(2459 2460)
2(2460 2461)
2(2461 2462)
2(2462 2463)
2(2463 2464)
2(2464 2465)
2(2465 2466)
2(2466 2467)
2(2467 2468)
2(2468 2469)
2(2469 2470)
2(2470 2471)
2(2471 2472)
2(2472 2473)
2(2473 2474)
2(2474 2475)
2(2475 2476)
2(2476 2477)
2(2477 2478)
2(2478 2479)
2(2479 2480)
2(2480 2481)
2(2481 2482)
2(2482 2483)
2(2483 2484)
2(2484 2485)
2(2485 2486)
2(2486 2487)
2(2487 2488)
2(2488 2489)
2(2489 2490)
2(2490 2491)
2(2491 2492)
2(2492 2493)
2(2493 2494)
2(2494 2495)
2(2495 2496)
2(2496 2497)
2(2497 2498)
2(2498 2499)
2(2499 2500)
2(2501 2502)
2(2502 2503)
2(2503 2504)
2(2504 2505)
2(2505 2506)
2(2506 2507)
2(2507 2508)
2(2508 2509)
2(2509 2510)
2(2510 2511)
2(2511 2512)
2(2512 2513)
2(2513 2514)
2(2514 2515)
2(2515 2516)
2(2516 2517)
2(2517 2518)
2(2518 2519)
2(2519 2520)
2(2520 2521)
2(2521 2522)
2(2522 2523)
2(2523 2524)
2(2524 2525)
2(2525 2526)
2(2526 2527)
2(2527 2528)
2(2528 2529)
2(2529 2530)
2(2530 2531)
2(2531 2532)
2(2532 2533)
2(2533 2534)
2(2534 2535)
2(2535 2536)
2(2536 2537)
2(2537 2538)
2(2538 2539)
2(2539 2540)
2(2540 2541)
2(2541 2542)
2(2542 2543)
2(2543 2544)
2(2544 2545)
2(2545 2546)
2(2546 2547)
2(2547 2548)
2(2548 2549)
2(2549 2550)
2(2550 2551)
2(2551 2552)
2(2552 2553)
2(2553 2554)
2(2554 2555)
2(2555 2556)
2(2556 2557)
2(2557 2558)
2(2558 2559)
2(2559 2560)
2(2560 2561)
2(2562 2563)
2(2563 2564)
2(2564 2565)
2(2565 2566)
2(2566 2567)
2(2567 2568)
2(2568 2569)
2(2569 2570)
2(2570 2571)
2(2571 2572)
2(2572 2573)
2(2573 2574)
2(2574 2575)
2(2575 2576)
2(2576 2577)
2(2577 2578)
2(2578 2579)
2(2579 2580)
2(2580 2581)
2(2581 2582)
2(2582 2583)
2(2583 2584)
2(2584 2585)
2(2585 2586)
2(2586 2587)
2(2587 2588)
2(2588 2589)
2(2589 2590)
2(2590 2591)
2(2591 2592)
2(2592 2593)
2(2593 2594)
2(2594 2595)
2(2595 2596)
2(2596 2597)
2(2597 2598)
2(2598 2599)
2(2599 2600)
2(2600 2601)
2(2601 2602)
2(2602 2603)
2(2603 2604)
2(2604 2605)
2(2605 2606)
2(2606 2607)
2(2607 2608)
2(2608 2609)
2(2609 2610)
2(2610 2611)
2(2611 2612)
2(2612 2613)
2(2613 2614)
2(2614 2615)
2(2615 2616)
2(2616 2617)
2(2617 2618)
2(2618 2619)
2(2619 2620)
2(2620 2621)
2(2621 2622)
2(2623 2624)
2(2624 2625)
2(2625 2626)
2(2626 2627)
2(2627 2628)
2(2628 2629)
2(2629 2630)
2(2630 2631)
2(2631 2632)
2(2632 2633)
2(2633 2634)
2(2634 2635)
2(2635 2636)
2(2636 2637)
2(2637 2638)
2(2638 2639)
2(2639 2640)
2(2640 2641)
2(2641 2642)
2(2642 2643)
2(2643 2644)
2(2644 2645)
2(2645 2646)
2(2646 2647)
2(2647 2648)
2(2648 2649)
2(2649 2650)
2(2650 2651)
2(2651 2652)
2(2652 2653)
2(2653 2654)
2(2654 2655)
2(2655 2656)
2(2656 2657)
2(2657 2658)
2(2658 2659)
2(2659 2660)
2(2660 2661)
2(2661 2662)
2(2662 2663)
2(2663 2664)
2(2664 2665)
2(2665 2666)
2(2666 2667)
2(2667 2668)
2(2668 2669)
2(2669 2670)
2(2670 2671)
2(2671 2672)
2(2672 2673)
2(2673 2674)
2(2674 2675)
2(2675 2676)
2(2676 2677)
2(2677 2678)
2(2678 2679)
2(2679 2680)
2(2680 2681)
2(2681 2682)
2(2682 2683)
2(2684 2685)
2(2685 2686)
2(2686 2687)
2(2687 2688)
2(2688 2689)
2(2689 2690)
2(2690 2691)
2(2691 2692)
2(2692 2693)
2(2693 2694)
2(2694 2695)
2(2695 2696)
2(2696 2697)
2(2697 2698)
2(2698 2699)
2(2699 2700)
2(2700 2701)
2(2701 2702)
2(2702 2703)
2(2703 2704)
2(2704 2705)
2(2705 2706)
2(2706 2707)
2(2707 2708)
2(2708 2709)
2(2709 2710)
2(2710 2711)
2(2711 2712)
2(2712 2713)
2(2713 2714)
2(2714 2715)
2(2715 2716)
2(2716 2717)
2(2717 2718)
2(2718 2719)
2(2719 2720)
2(2720 2721)
2(2721 2722)
2(2722 2723)
2(2723 2724)
2(2724 2725)
2(2725 2726)
2(2726 2727)
2(2727 2728)
2(2728 2729)
2(2729 2730)
2(2730 2731)
2(2731 2732)
2(2732 2733)
2(2733 2734)
2(2734 2735)
2(2735 2736)
2(2736 2737)
2(2737 2738)
2(2738 2739)
2(2739 2740)
2(2740 2741)
2(2741 2742)
2(2742 2743)
2(2743 2744)
2(2745 2746)
2(2746 2747)
2(2747 2748)
2(2748 2749)
2(2749 2750)
2(2750 2751)
2(2751 2752)
2(2752 2753)
2(2753 2754)
2(2754 2755)
2(2755 2756)
2(2756 2757)
2(2757 2758)
2(2758 2759)
2(2759 2760)
2(2760 2761)
2(2761 2762)
2(2762 2763)
2(2763 2764)
2(2764 2765)
2(2765 2766)
2(2766 2767)
2(2767 2768)
2(2768 2769)
2(2769 2770)
2(2770 2771)
2(2771 2772)
2(2772 2773)
2(2773 2774)
2(2774 2775)
2(2775 2776)
2(2776 2777)
2(2777 2778)
2(2778 2779)
2(2779 2780)
2(2780 2781)
2(2781 2782)
2(2782 2783)
2(2783 2784)
2(2784 2785)
2(2785 2786)
2(2786 2787)
2(2787 2788)
2(2788 2789)
2(2789 2790)
2(2790 2791)
2(2791 2792)
2(2792 2793)
2(2793 2794)
2(2794 2795)
2(2795 2796)
2(2796 2797)
2(2797 2798)
2(2798 2799)
2(2799 2800)
2(2800 2801)
2(2801 2802)
2(2802 2803)
2(2803 2804)
2(2804 2805)
2(2806 2807)
2(2807 2808)
2(2808 2809)
2(2809 2810)
2(2810 2811)
2(2811 2812)
2(2812 2813)
2(2813 2814)
2(2814 2815)
2(2815 2816)
2(2816 2817)
2(2817 2818)
2(2818 2819)
2(2819 2820)
2(2820 2821)
2(2821 2822)
2(2822 2823)
2(2823 2824)
2(2824 2825)
2(2825 2826)
2(2826 2827)
2(2827 2828)
2(2828 2829)
2(2829 2830)
2(2830 2831)
2(2831 2832)
2(2832 2833)
2(2833 2834)
2(2834 2835)
2(2835 2836)
2(2836 2837)
2(2837 2838)
2(2838 2839)
2(2839 2840)
2(2840 2841)
2(2841 2842)
2(2842 2843)
2(2843 2844)
2(2844 2845)
2(2845 2846)
2(2846 2847)
2(2847 2848)
2(2848 2849)
2(2849 2850)
2(2850 2851)
2(2851 2852)
2(2852 2853)
2(2853 2854)
2(2854 2855)
2(2855 2856)
2(2856 2857)
2(2857 2858)
2(2858 2859)
2(2859 2860)
2(2860 2861)
2(2861 2862)
2(2862 2863)
2(2863 2864)
2(2864 2865)
2(2865 2866)
2(2867 2868)
2(2868 2869)
2(2869 2870)
2(2870 2871)
2(2871 2872)
2(2872 2873)
2(2873 2874)
2(2874 2875)
2(2875 2876)
2(2876 2877)
2(2877 2878)
2(2878 2879)
2(2879 2880)
2(2880 2881)
2(2881 2882)
2(2882 2883)
2(2883 2884)
2(2884 2885)
2(2885 2886)
2(2886 2887)
2(2887 2888)
2(2888 2889)
2(2889 2890)
2(2890 2891)
2(2891 2892)
2(2892 2893)
2(2893 2894)
2(2894 2895)
2(2895 2896)
2(2896 2897)
2(2897 2898)
2(2898 2899)
2(2899 2900)
2(2900 2901)
2(2901 2902)
2(2902 2903)
2(2903 2904)
2(2904 2905)
2(2905 2906)
2(2906 2907)
2(2907 2908)
2(2908 2909)
2(2909 2910)
2(2910 2911)
2(2911 2912)
2(2912 2913)
2(2913 2914)
2(2914 2915)
2(2915 2916)
2(2916 2917)
2(2917 2918)
2(2918 2919)
2(2919 2920)
2(2920 2921)
2(2921 2922)
2(2922 2923)
2(2923 2924)
2(2924 2925)
2(2925 2926)
2(2926 2927)
2(2928 2929)
2(2929 2930)
2(2930 2931)
2(2931 2932)
2(2932 2933)
2(2933 2934)
2(2934 2935)
2(2935 2936)
2(2936 2937)
2(2937 2938)
2(2938 2939)
2(2939 2940)
2(2940 2941)
2(2941 2942)
2(2942 2943)
2(2943 2944)
2(2944 2945)
2(2945 2946)
2(2946 2947)
2(2947 2948)
2(2948 2949)
2(2949 2950)
2(2950 2951)
2(2951 2952)
2(2952 2953)
2(2953 2954)
2(2954 2955)
2(2955 2956)
2(2956 2957)
2(2957 2958)
2(2958 2959)
2(2959 2960)
2(2960 2961)
2(2961 2962)
2(2962 2963)
2(2963 2964)
2(2964 2965)
2(2965 2966)
2(2966 2967)
2(2967 2968)
2(2968 2969)
2(2969 2970)
2(2970 2971)
2(2971 2972)
2(2972 2973)
2(2973 2974)
2(2974 2975)
2(2975 2976)
2(2976 2977)
2(2977 2978)
2(2978 2979)
2(2979 2980)
2(2980 2981)
2(2981 2982)
2(2982 2983)
2(2983 2984)
2(2984 2985)
2(2985 2986)
2(2986 2987)
2(2987 2988)
2(2989 2990)
2(2990 2991)
2(2991 2992)
2(2992 2993)
2(2993 2994)
2(2994 2995)
2(2995 2996)
2(2996 2997)
2(2997 2998)
2(2998 2999)
2(2999 3000)
2(3000 3001)
2(3001 3002)
2(3002 3003)
2(3003 3004)
2(3004 3005)
2(3005 3006)
2(3006 3007)
2(3007 3008)
2(3008 3009)
2(3009 3010)
2(3010 3011)
2(3011 3012)
2(3012 3013)
2(3013 3014)
2(3014 3015)
2(3015 3016)
2(3016 3017)
2(3017 3018)
2(3018 3019)
2(3019 3020)
2(3020 3021)
2(3021 3022)
2(3022 3023)
2(3023 3024)
2(3024 3025)
2(3025 3026)
2(3026 3027)
2(3027 3028)
2(3028 3029)
2(3029 3030)
2(3030 3031)
2(3031 3032)
2(3032 3033)
2(3033 3034)
2(3034 3035)
2(3035 3036)
2(3036 3037)
2(3037 3038)
2(3038 3039)
2(3039 3040)
2(3040 3041)
2(3041 3042)
2(3042 3043)
2(3043 3044)
2(3044 3045)
2(3045 3046)
2(3046 3047)
2(3047 3048)
2(3048 3049)
2(3050 3051)
2(3051 3052)
2(3052 3053)
2(3053 3054)
2(3054 3055)
2(3055 3056)
2(3056 3057)
2(3057 3058)
2(3058 3059)
2(3059 3060)
2(3060 3061)
2(3061 3062)
2(3062 3063)
2(3063 3064)
2(3064 3065)
2(3065 3066)
2(3066 3067)
2(3067 3068)
2(3068 3069)
2(3069 3070)
2(3070 3071)
2(3071 3072)
2(3072 3073)
2(3073 3074)
2(3074 3075)
2(3075 3076)
2(3076 3077)
2(3077 3078)
2(3078 3079)
2(3079 3080)
2(3080 3081)
2(3081 3082)
2(3082 3083)
2(3083 3084)
2(3084 3085)
2(3085 3086)
2(3086 3087)
2(3087 3088)
2(3088 3089)
2(3089 3090)
2(3090 3091)
2(3091 3092)
2(3092 3093)
2(3093 3094)
2(3094 3095)
2(3095 3096)
2(3096 3097)
2(3097 3098)
2(3098 3099)
2(3099 3100)
2(3100 3101)
2(3101 3102)
2(3102 3103)
2(3103 3104)
2(3104 3105)
2(3105 3106)
2(3106 3107)
2(3107 3108)
2(3108 3109)
2(3109 3110)
2(3111 3112)
2(3112 3113)
2(3113 3114)
2(3114 3115)
2(3115 3116)
2(3116 3117)
2(3117 3118)
2(3118 3119)
2(3119 3120)
2(3120 3121)
2(3121 3122)
2(3122 3123)
2(3123 3124)
2(3124 3125)
2(3125 3126)
2(3126 3127)
2(3127 3128)
2(3128 3129)
2(3129 3130)
2(3130 3131)
2(3131 3132)
2(3132 3133)
2(3133 3134)
2(3134 3135)
2(3135 3136)
2(3136 3137)
2(3137 3138)
2(3138 3139)
2(3139 3140)
2(3140 3141)
2(3141 3142)
2(3142 3143)
2(3143 3144)
2(3144 3145)
2(3145 3146)
2(3146 3147)
2(3147 3148)
2(3148 3149)
2(3149 3150)
2(3150 3151)
2(3151 3152)
2(3152 3153)
2(3153 3154)
2(3154 3155)
2(3155 3156)
2(3156 3157)
2(3157 3158)
2(3158 3159)
2(3159 3160)
2(3160 3161)
2(3161 3162)
2(3162 3163)
2(3163 3164)
2(3164 3165)
2(3165 3166)
2(3166 3167)
2(3167 3168)
2(3168 3169)
2(3169 3170)
2(3170 3171)
2(3172 3173)
2(3173 3174)
2(3174 3175)
2(3175 3176)
2(3176 3177)
2(3177 3178)
2(3178 3179)
2(3179 3180)
2(3180 3181)
2(3181 3182)
2(3182 3183)
2(3183 3184)
2(3184 3185)
2(3185 3186)
2(3186 3187)
2(3187 3188)
2(3188 3189)
2(3189 3190)
2(3190 3191)
2(3191 3192)
2(3192 3193)
2(3193 3194)
2(3194 3195)
2(3195 3196)
2(3196 3197)
2(3197 3198)
2(3198 3199)
2(3199 3200)
2(3200 3201)
2(3201 3202)
2(3202 3203)
2(3203 3204)
2(3204 3205)
2(3205 3206)
2(3206 3207)
2(3207 3208)
2(3208 3209)
2(3209 3210)
2(3210 3211)
2(3211 3212)
2(3212 3213)
2(3213 3214)
2(3214 3215)
2(3215 3216)
2(3216 3217)
2(3217 3218)
2(3218 3219)
2(3219 3220)
2(3220 3221)
2(3221 3222)
2(3222 3223)
2(3223 3224)
2(3224 3225)
2(3225 3226)
2(3226 3227)
2(3227 3228)
2(3228 3229)
2(3229 3230)
2(3230 3231)
2(3231 3232)
2(3233 3234)
2(3234 3235)
2(3235 3236)
2(3236 3237)
2(3237 3238)
2(3238 3239)
2(3239 3240)
2(3240 3241)
2(3241 3242)
2(3242 3243)
2(3243 3244)
2(3244 3245)
2(3245 3246)
2(3246 3247)
2(3247 3248)
2(3248 3249)
2(3249 3250)
2(3250 3251)
2(3251 3252)
2(3252 3253)
2(3253 3254)
2(3254 3255)
2(3255 3256)
2(3256 3257)
2(3257 3258)
2(3258 3259)
2(3259 3260)
2(3260 3261)
2(3261 3262)
2(3262 3263)
2(3263 3264)
2(3264 3265)
2(3265 3266)
2(3266 3267)
2(3267 3268)
2(3268 3269)
2(3269 3270)
2(3270 3271)
2(3271 3272)
2(3272 3273)
2(3273 3274)
2(3274 3275)
2(3275 3276)
2(3276 3277)
2(3277 3278)
2(3278 3279)
2(3279 3280)
2(3280 3281)
2(3281 3282)
2(3282 3283)
2(3283 3284)
2(3284 3285)
2(3285 3286)
2(3286 3287)
2(3287 3288)
2(3288 3289)
2(3289 3290)
2(3290 3291)
2(3291 3292)
2(3292 3293)
2(3294 3295)
2(3295 3296)
2(3296 3297)
2(3297 3298)
2(3298 3299)
2(3299 3300)
2(3300 3301)
2(3301 3302)
2(3302 3303)
2(3303 3304)
2(3304 3305)
2(3305 3306)
2(3306 3307)
2(3307 3308)
2(3308 3309)
2(3309 3310)
2(3310 3311)
2(3311 3312)
2(3312 3313)
2(3313 3314)
2(3314 3315)
2(3315 3316)
2(3316 3317)
2(3317 3318)
2(3318 3319)
2(3319 3320)
2(3320 3321)
2(3321 3322)
2(3322 3323)
2(3323 3324)
2(3324 3325)
2(3325 3326)
2(3326 3327)
2(3327 3328)
2(3328 3329)
2(3329 3330)
2(3330 3331)
2(3331 3332)
2(3332 3333)
2(3333 3334)
2(3334 3335)
2(3335 3336)
2(3336 3337)
2(3337 3338)
2(3338 3339)
2(3339 3340)
2(3340 3341)
2(3341 3342)
2(3342 3343)
2(3343 3344)
2(3344 3345)
2(3345 3346)
2(3346 3347)
2(3347 3348)
2(3348 3349)
2(3349 3350)
2(3350 3351)
2(3351 3352)
2(3352 3353)
2(3353 3354)
2(3355 3356)
2(3356 3357)
2(3357 3358)
2(3358 3359)
2(3359 3360)
2(3360 3361)
2(3361 3362)
2(3362 3363)
2(3363 3364)
2(3364 3365)
2(3365 3366)
2(3366 3367)
2(3367 3368)
2(3368 3369)
2(3369 3370)
2(3370 3371)
2(3371 3372)
2(3372 3373)
2(3373 3374)
2(3374 3375)
2(3375 3376)
2(3376 3377)
2(3377 3378)
2(3378 3379)
2(3379 3380)
2(3380 3381)
2(3381 3382)
2(3382 3383)
2(3383 3384)
2(3384 3385)
2(3385 3386)
2(3386 3387)
2(3387 3388)
2(3388 3389)
2(3389 3390)
2(3390 3391)
2(3391 3392)
2(3392 3393)
2(3393 3394)
2(3394 3395)
2(3395 3396)
2(3396 3397)
2(3397 3398)
2(3398 3399)
2(3399 3400)
2(3400 3401)
2(3401 3402)
2(3402 3403)
2(3403 3404)
2(3404 3405)
2(3405 3406)
2(3406 3407)
2(3407 3408)
2(3408 3409)
2(3409 3410)
2(3410 3411)
2(3411 3412)
2(3412 3413)
2(3413 3414)
2(3414 3415)
2(3416 3417)
2(3417 3418)
2(3418 3419)
2(3419 3420)
2(3420 3421)
2(3421 3422)
2(3422 3423)
2(3423 3424)
2(3424 3425)
2(3425 3426)
2(3426 3427)
2(3427 3428)
2(3428 3429)
2(3429 3430)
2(3430 3431)
2(3431 3432)
2(3432 3433)
2(3433 3434)
2(3434 3435)
2(3435 3436)
2(3436 3437)
2(3437 3438)
2(3438 3439)
2(3439 3440)
2(3440 3441)
2(3441 3442)
2(3442 3443)
2(3443 3444)
2(3444 3445)
2(3445 3446)
2(3446 3447)
2(3447 3448)
2(3448 3449)
2(3449 3450)
2(3450 3451)
2(3451 3452)
2(3452 3453)
2(3453 3454)
2(3454 3455)
2(3455 3456)
2(3456 3457)
2(3457 3458)
2(3458 3459)
2(3459 3460)
2(3460 3461)
2(3461 3462)
2(3462 3463)
2(3463 3464)
2(3464 3465)
2(3465 3466)
2(3466 3467)
2(3467 3468)
2(3468 3469)
2(3469 3470)
2(3470 3471)
2(3471 3472)
2(3472 3473)
2(3473 3474)
2(3474 3475)
2(3475 3476)
2(3477 3478)
2(3478 3479)
2(3479 3480)
2(3480 3481)
2(3481 3482)
2(3482 3483)
2(3483 3484)
2(3484 3485)
2(3485 3486)
2(3486 3487)
2(3487 3488)
2(3488 3489)
2(3489 3490)
2(3490 3491)
2(3491 3492)
2(3492 3493)
2(3493 3494)
2(3494 3495)
2(3495 3496)
2(3496 3497)
2(3497 3498)
2(3498 3499)
2(3499 3500)
2(3500 3501)
2(3501 3502)
2(3502 3503)
2(3503 3504)
2(3504 3505)
2(3505 3506)
2(3506 3507)
2(3507 3508)
2(3508 3509)
2(3509 3510)
2(3510 3511)
2(3511 3512)
2(3512 3513)
2(3513 3514)
2(3514 3515)
2(3515 3516)
2(3516 3517)
2(3517 3518)
2(3518 3519)
2(3519 3520)
2(3520 3521)
2(3521 3522)
2(3522 3523)
2(3523 3524)
2(3524 3525)
2(3525 3526)
2(3526 3527)
2(3527 3528)
2(3528 3529)
2(3529 3530)
2(3530 3531)
2(3531 3532)
2(3532 3533)
2(3533 3534)
2(3534 3535)
2(3535 3536)
2(3536 3537)
2(3538 3539)
2(3539 3540)
2(3540 3541)
2(3541 3542)
2(3542 3543)
2(3543 3544)
2(3544 3545)
2(3545 3546)
2(3546 3547)
2(3547 3548)
2(3548 3549)
2(3549 3550)
2(3550 3551)
2(3551 3552)
2(3552 3553)
2(3553 3554)
2(3554 3555)
2(3555 3556)
2(3556 3557)
2(3557 3558)
2(3558 3559)
2(3559 3560)
2(3560 3561)
2(3561 3562)
2(3562 3563)
2(3563 3564)
2(3564 3565)
2(3565 3566)
2(3566 3567)
2(3567 3568)
2(3568 3569)
2(3569 3570)
2(3570 3571)
2(3571 3572)
2(3572 3573)
2(3573 3574)
2(3574 3575)
2(3575 3576)
2(3576 3577)
2(3577 3578)
2(3578 3579)
2(3579 3580)
2(3580 3581)
2(3581 3582)
2(3582 3583)
2(3583 3584)
2(3584 3585)
2(3585 3586)
2(3586 3587)
2(3587 3588)
2(3588 3589)
2(3589 3590)
2(3590 3591)
2(3591 3592)
2(3592 3593)
2(3593 3594)
2(3594 3595)
2(3595 3596)
2(3596 3597)
2(3597 3598)
2(3599 3600)
2(3600 3601)
2(3601 3602)
2(3602 3603)
2(3603 3604)
2(3604 3605)
2(3605 3606)
2(3606 3607)
2(3607 3608)
2(3608 3609)
2(3609 3610)
2(3610 3611)
2(3611 3612)
2(3612 3613)
2(3613 3614)
2(3614 3615)
2(3615 3616)
2(3616 3617)
2(3617 3618)
2(3618 3619)
2(3619 3620)
2(3620 3621)
2(3621 3622)
2(3622 3623)
2(3623 3624)
2(3624 3625)
2(3625 3626)
2(3626 3627)
2(3627 3628)
2(3628 3629)
2(3629 3630)
2(3630 3631)
2(3631 3632)
2(3632 3633)
2(3633 3634)
2(3634 3635)
2(3635 3636)
2(3636 3637)
2(3637 3638)
2(3638 3639)
2(3639 3640)
2(3640 3641)
2(3641 3642)
2(3642 3643)
2(3643 3644)
2(3644 3645)
2(3645 3646)
2(3646 3647)
2(3647 3648)
2(3648 3649)
2(3649 3650)
2(3650 3651)
2(3651 3652)
2(3652 3653)
2(3653 3654)
2(3654 3655)
2(3655 3656)
2(3656 3657)
2(3657 3658)
2(3658 3659)
2(3660 3661)
2(3661 3662)
2(3662 3663)
2(3663 3664)
2(3664 3665)
2(3665 3666)
2(3666 3667)
2(3667 3668)
2(3668 3669)
2(3669 3670)
2(3670 3671)
2(3671 3672)
2(3672 3673)
2(3673 3674)
2(3674 3675)
2(3675 3676)
2(3676 3677)
2(3677 3678)
2(3678 3679)
2(3679 3680)
2(3680 3681)
2(3681 3682)
2(3682 3683)
2(3683 3684)
2(3684 3685)
2(3685 3686)
2(3686 3687)
2(3687 3688)
2(3688 3689)
2(3689 3690)
2(3690 3691)
2(3691 3692)
2(3692 3693)
2(3693 3694)
2(3694 3695)
2(3695 3696)
2(3696 3697)
2(3697 3698)
2(3698 3699)
2(3699 3700)
2(3700 3701)
2(3701 3702)
2(3702 3703)
2(3703 3704)
2(3704 3705)
2(3705 3706)
2(3706 3707)
2(3707 3708)
2(3708 3709)
2(3709 3710)
2(3710 3711)
2(3711 3712)
2(3712 3713)
2(3713 3714)
2(3714 3715)
2(3715 3716)
2(3716 3717)
2(3717 3718)
2(3718 3719)
2(3719 3720)
2(0 61)
2(61 122)
2(122 183)
2(183 244)
2(244 305)
2(305 366)
2(366 427)
2(427 488)
2(488 549)
2(549 610)
2(610 671)
2(671 732)
2(732 793)
2(793 854)
2(854 915)
2(915 976)
2(976 1037)
2(1037 1098)
2(1098 1159)
2(1159 1220)
2(1220 1281)
2(1281 1342)
2(1342 1403)
2(1403 1464)
2(1464 1525)
2(1525 1586)
2(1586 1647)
2(1647 1708)
2(1708 1769)
2(1769 1830)
2(1830 1891)
2(1891 1952)
2(1952 2013)
2(2013 2074)
2(2074 2135)
2(2135 2196)
2(2196 2257)
2(2257 2318)
2(2318 2379)
2(2379 2440)
2(2440 2501)
2(2501 2562)
2(2562 2623)
2(2623 2684)
2(2684 2745)
2(2745 2806)
2(2806 2867)
2(2867 2928)
2(2928 2989)
2(2989 3050)
2(3050 3111)
2(3111 3172)
2(3172 3233)
2(3233 3294)
2(3294 3355)
2(3355 3416)
2(3416 3477)
2(3477 3538)
2(3538 3599)
2(3599 3660)
2(1 62)
2(62 123)
2(123 184)
2(184 245)
2(245 306)
2(306 367)
2(367 428)
2(428 489)
2(489 550)
2(550 611)
2(611 672)
2(672 733)
2(733 794)
2(794 855)
2(855 916)
2(916 977)
2(977 1038)
2(1038 1099)
2(1099 1160)
2(1160 1221)
2(1221 1282)
2(1282 1343)
2(1343 1404)
2(1404 1465)
2(1465 1526)
2(1526 1587)
2(1587 1648)
2(1648 1709)
2(1709 1770)
2(1770 1831)
2(1831 1892)
2(1892 1953)
2(1953 2014)
2(2014 2075)
2(2075 2136)
2(2136 2197)
2(2197 2258)
2(2258 2319)
2(2319 2380)
2(2380 2441)
2(2441 2502)
2(2502 2563)
2(2563 2624)
2(2624 2685)
2(2685 2746)
2(2746 2807)
2(2807 2868)
2(2868 2929)
2(2929 2990)
2(2990 3051)
2(3051 3112)
2(3112 3173)
2(3173 3234)
2(3234 3295)
2(3295 3356)
2(3356 3417)
2(3417 3478)
2(3478 3539)
2(3539 3600)
2(3600 3661)
2(2 63)
2(63 124)
2(124 185)
2(185 246)
2(246 307)
2(307 368)
2(368 429)
2(429 490)
2(490 551)
2(551 612)
2(612 673)
2(673 734)
2(734 795)
2(795 856)
2(856 917)
2(917 978)
2(978 1039)
2(1039 1100)
2(1100 1161)
2(1161 1222)
2(1222 1283)
2(1283 1344)
2(1344 1405)
2(1405 1466)
2(1466 1527)
2(1527 1588)
2(1588 1649)
2(1649 1710)
2(1710 1771)
2(1771 1832)
2(1832 1893)
2(1893 1954)
2(1954 2015)
2(2015 2076)
2(2076 2137)
2(2137 2198)
2(2198 2259)
2(2259 2320)
2(2320 2381)
2(2381 2442)
2(2442 2503)
2(2503 2564)
2(2564 2625)
2(2625 2686)
2(2686 2747)
2(2747 2808)
2(2808 2869)
2(2869 2930)
2(2930 2991)
2(2991 3052)
2(3052 3113)
2(3113 3174)
2(3174 3235)
2(3235 3296)
2(3296 3357)
2(3357 3418)
2(3418 3479)
2(3479 3540)
2(3540 3601)
2(3601 3662)
2(3 64)
2(64 125)
2(125 186)
2(186 247)
2(247 308)
2(308 369)
2(369 430)
2(430 491)
2(491 552)
2(552 613)
2(613 674)
2(674 735)
2(735 796)
2(796 857)
2(857 918)
2(918 979)
2(979 1040)
2(1040 1101)
2(1101 1162)
2(1162 1223)
2(1223 1284)
2(1284 1345)
2(1345 1406)
2(1406 1467)
2(1467 1528)
2(1528 1589)
2(1589 1650)
2(1650 1711)
2(1711 1772)
2(1772 1833)
2(1833 1894)
2(1894 1955)
2(1955 2016)
2(2016 2077)
2(2077 2138)
2(2138 2199)
2(2199 2260)
2(2260 2321)
2(2321 2382)
2(2382 2443)
2(2443 2504)
2(2504 2565)
2(2565 2626)
2(2626 2687)
2(2687 2748)
2(2748 2809)
2(2809 2870)
2(2870 2931)
2(2931 2992)
2(2992 3053)
2(3053 3114)
2(3114 3175)
2(3175 3236)
2(3236 3297)
2(3297 3358)
2(3358 3419)
2(3419 3480)
2(3480 3541)
2(3541 3602)
2(3602 3663)
2(4 65)
2(65 126)
2(126 187)
2(187 248)
2(248 309)
2(309 370)
2(370 431)
2(431 492)
2(492 553)
2(553 614)
2(614 675)
2(675 736)
2(736 797)
2(797 858)
2(858 919)
2(919 980)
2(980 1041)
2(1041 1102)
2(1102 1163)
2(1163 1224)
2(1224 1285)
2(1285 1346)
2(1346 1407)
2(1407 1468)
2(1468 1529)
2(1529 1590)
2(1590 1651)
2(1651 1712)
2(1712 1773)
2(1773 1834)
2(1834 1895)
2(1895 1956)
2(1956 2017)
2(2017 2078)
2(2078 2139)
2(2139 2200)
2(2200 2261)
2(2261 2322)
2(2322 2383)
2(2383 2444)
2(2444 2505)
2(2505 2566)
2(2566 2627)
2(2627 2688)
2(2688 2749)
2(2749 2810)
2(2810 2871)
2(2871 2932)
2(2932 2993)
2(2993 3054)
2(3054 3115)
2(3115 3176)
2(3176 3237)
2(3237 3298)
2(3298 3359)
2(3359 3420)
2(3420 3481)
2(3481 3542)
2(3542 3603)
2(3603 3664)
2(5 66)
2(66 127)
2(127 188)
2(188 249)
2(249 310)
2(310 371)
2(371 432)
2(432 493)
2(493 554)
2(554 615)
2(615 676)
2(676 737)
2(737 798)
2(798 859)
2(859 920)
2(920 981)
2(981 1042)
2(1042 1103)
2(1103 1164)
2(1164 1225)
2(1225 1286)
2(1286 1347)
2(1347 1408)
2(1408 1469)
2(1469 1530)
2(1530 1591)
2(1591 1652)
2(1652 1713)
2(1713 1774)
2(1774 1835)
2(1835 1896)
2(1896 1957)
2(1957 2018)
2(2018 2079)
2(2079 2140)
2(2140 2201)
2(2201 2262)
2(2262 2323)
2(2323 2384)
2(2384 2445)
2(2445 2506)
2(2506 2567)
2(2567 2628)
2(2628 2689)
2(2689 2750)
2(2750 2811)
2(2811 2872)
2(2872 2933)
2(2933 2994)
2(2994 3055)
2(3055 3116)
2(3116 3177)
2(3177 3238)
2(3238 3299)
2(3299 3360)
2(3360 3421)
2(3421 3482)
2(3482 3543)
2(3543 3604)
2(3604 3665)
2(6 67)
2(67 128)
2(128 189)
2(189 250)
2(250 311)
2(311 372)
2(372 433)
2(433 494)
2(494 555)
2(555 616)
2(616 677)
2(677 738)
2(738 799)
2(799 860)
2(860 921)
2(921 982)
2(982 1043)
2(1043 1104)
2(1104 1165)
2(1165 1226)
2(1226 1287)
2(1287 1348)
2(1348 1409)
2(1409 1470)
2(1470 1531)
2(1531 1592)
2(1592 1653)
2(1653 1714)
2(1714 1775)
2(1775 1836)
2(1836 1897)
2(1897 1958)
2(1958 2019)
2(2019 2080)
2(2080 2141)
2(2141 2202)
2(2202 2263)
2(2263 2324)
2(2324 2385)
2(2385 2446)
2(2446 2507)
2(2507 2568)
2(2568 2629)
2(2629 2690)
2(2690 2751)
2(2751 2812)
2(2812 2873)
2(2873 2934)
2(2934 2995)
2(2995 3056)
2(3056 3117)
2(3117 3178)
2(3178 3239)
2(3239 3300)
2(3300 3361)
2(3361 3422)
2(3422 3483)
2(3483 3544)
2(3544 3605)
2(3605 3666)
2(7 68)
2(68 129)
2(129 190)
2(190 251)
2(251 312)
2(312 373)
2(373 434)
2(434 495)
2(495 556)
2(556 617)
2(617 678)
2(678 739)
2(739 800)
2(800 861)
2(861 922)
2(922 983)
2(983 1044)
2(1044 1105)
2(1105 1166)
2(1166 1227)
2(1227 1288)
2(1288 1349)
2(1349 1410)
2(1410 1471)
2(1471 1532)
2(1532 1593)
2(1593 1654)
2(1654 1715)
2(1715 1776)
2(1776 1837)
2(1837 1898)
2(1898 1959)
2(1959 2020)
2(2020 2081)
2(2081 2142)
2(2142 2203)
2(2203 2264)
2(2264 2325)
2(2325 2386)
2(2386 2447)
2(2447 2508)
2(2508 2569)
2(2569 2630)
2(2630 2691)
2(2691 2752)
2(2752 2813)
2(2813 2874)
2(2874 2935)
2(2935 2996)
2(2996 3057)
2(3057 3118)
2(3118 3179)
2(3179 3240)
2(3240 3301)
2(3301 3362)
2(3362 3423)
2(3423 3484)
2(3484 3545)
2(3545 3606)
2(3606 3667)
2(8 69)
2(69 130)
2(130 191)
2(191 252)
2(252 313)
2(313 374)
2(374 435)
2(435 496)
2(496 557)
2(557 618)
2(618 679)
2(679 740)
2(740 801)
2(801 862)
2(862 923)
2(923 984)
2(984 1045)
2(1045 1106)
2(1106 1167)
2(1167 1228)
2(1228 1289)
2(1289 1350)
2(1350 1411)
2(1411 1472)
2(1472 1533)
2(1533 1594)
2(1594 1655)
2(1655 1716)
2(1716 1777)
2(1777 1838)
2(1838 1899)
2(1899 1960)
2(1960 2021)
2(2021 2082)
2(2082 2143)
2(2143 2204)
2(2204 2265)
2(2265 2326)
2(2326 2387)
2(2387 2448)
2(2448 2509)
2(2509 2570)
2(2570 2631)
2(2631 2692)
2(2692 2753)
2(2753 2814)
2(2814 2875)
2(2875 2936)
2(2936 2997)
2(2997 3058)
2(3058 3119)
2(3119 3180)
2(3180 3241)
2(3241 3302)
2(3302 3363)
2(3363 3424)
2(3424 3485)
2(3485 3546)
2(3546 3607)
2(3607 3668)
2(9 70)
2(70 131)
2(131 192)
2(192 253)
2(253 314)
2(314 375)
2(375 436)
2(436 497)
2(497 558)
2(558 619)
2(619 680)
2(680 741)
2(741 802)
2(802 863)
2(863 924)
2(924 985)
2(985 1046)
2(1046 1107)
2(1107 1168)
2(1168 1229)
2(1229 1290)
2(1290 1351)
2(1351 1412)
2(1412 1473)
2(1473 1534)
2(1534 1595)
2(1595 1656)
2(1656 1717)
2(1717 1778)
2(1778 1839)
2(1839 1900)
2(1900 1961)
2(1961 2022)
2(2022 2083)
2(2083 2144)
2(2144 2205)
2(2205 2266)
2(2266 2327)
2(2327 2388)
2(2388 2449)
2(2449 2510)
2(2510 2571)
2(2571 2632)
2(2632 2693)
2(2693 2754)
2(2754 2815)
2(2815 2876)
2(2876 2937)
2(2937 2998)
2(2998 3059)
2(3059 3120)
2(3120 3181)
2(3181 3242)
2(3242 3303)
2(3303 3364)
2(3364 3425)
2(3425 3486)
2(3486 3547)
2(3547 3608)
2(3608 3669)
2(10 71)
2(71 132)
2(132 193)
2(193 254)
2(254 315)
2(315 376)
2(376 437)
2(437 498)
2(498 559)
2(559 620)
2(620 681)
2(681 742)
2(742 803)
2(803 864)
2(864 925)
2(925 986)
2(986 1047)
2(1047 1108)
2(1108 1169)
2(1169 1230)
2(1230 1291)
2(1291 1352)
2(1352 1413)
2(1413 1474)
2(1474 1535)
2(1535 1596)
2(1596 1657)
2(1657 1718)
2(1718 1779)
2(1779 1840)
2(1840 1901)
2(1901 1962)
2(1962 2023)
2(2023 2084)
2(2084 2145)
2(2145 2206)
2(2206 2267)
2(2267 2328)
2(2328 2389)
2(2389 2450)
2(2450 2511)
2(2511 2572)
2(2572 2633)
2(2633 2694)
2(2694 2755)
2(2755 2816)
2(2816 2877)
2(2877 2938)
2(2938 2999)
2(2999 3060)
2(3060 3121)
2(3121 3182)
2(3182 3243)
2(3243 3304)
2(3304 3365)
2(3365 3426)
2(3426 3487)
2(3487 3548)
2(3548 3609)
2(3609 3670)
2(11 72)
2(72 133)
2(133 194)
2(194 255)
2(255 316)
2(316 377)
2(377 438)
2(438 499)
2(499 560)
2(560 621)
2(621 682)
2(682 743)
2(743 804)
2(804 865)
2(865 926)
2(926 987)
2(987 1048)
2(1048 1109)
2(1109 1170)
2(1170 1231)
2(1231 1292)
2(1292 1353)
2(1353 1414)
2(1414 1475)
2(1475 1536)
2(1536 1597)
2(1597 1658)
2(1658 1719)
2(1719 1780)
2(1780 1841)
2(1841 1902)
2(1902 1963)
2(1963 2024)
2(2024 2085)
2(2085 2146)
2(2146 2207)
2(2207 2268)
2(2268 2329)
2(2329 2390)
2(2390 2451)
2(2451 2512)
2(2512 2573)
2(2573 2634)
2(2634 2695)
2(2695 2756)
2(2756 2817)
2(2817 2878)
2(2878 2939)
2(2939 3000)
2(3000 3061)
2(3061 3122)
2(3122 3183)
2(3183 3244)
2(3244 3305)
2(3305 3366)
2(3366 3427)
2(3427 3488)
2(3488 3549)
2(3549 3610)
2(3610 3671)
2(12 73)
2(73 134)
2(134 195)
2(195 256)
2(256 317)
2(317 378)
2(378 439)
2(439 500)
2(500 561)
2(561 622)
2(622 683)
2(683 744)
2(744 805)
2(805 866)
2(866 927)
2(927 988)
2(988 1049)
2(1049 1110)
2(1110 1171)
2(1171 1232)
2(1232 1293)
2(1293 1354)
2(1354 1415)
2(1415 1476)
2(1476 1537)
2(1537 1598)
2(1598 1659)
2(1659 1720)
2(1720 1781)
2(1781 1842)
2(1842 1903)
2(1903 1964)
2(1964 2025)
2(2025 2086)
2(2086 2147)
2(2147 2208)
2(2208 2269)
2(2269 2330)
2(2330 2391)
2(2391 2452)
2(2452 2513)
2(2513 2574)
2(2574 2635)
2(2635 2696)
2(2696 2757)
2(2757 2818)
2(2818 2879)
2(2879 2940)
2(2940 3001)
2(3001 3062)
2(3062 3123)
2(3123 3184)
2(3184 3245)
2(3245 3306)
2(3306 3367)
2(3367 3428)
2(3428 3489)
2(3489 3550)
2(3550 3611)
2(3611 3672)
2(13 74)
2(74 135)
2(135 196)
2(196 257)
2(257 318)
2(318 379)
2(379 440)
2(440 501)
2(501 562)
2(562 623)
2(623 684)
2(684 745)
2(745 806)
2(806 867)
2(867 928)
2(928 989)
2(989 1050)
2(1050 1111)
2(1111 1172)
2(1172 1233)
2(1233 1294)
2(1294 1355)
2(1355 1416)
2(1416 1477)
2(1477 1538)
2(1538 1599)
2(1599 1660)
2(1660 1721)
2(1721 1782)
2(1782 1843)
2(1843 1904)
2(1904 1965)
2(1965 2026)
2(2026 2087)
2(2087 2148)
2(2148 2209)
2(2209 2270)
2(2270 2331)
2(2331 2392)
2(2392 2453)
2(2453 2514)
2(2514 2575)
2(2575 2636)
2(2636 2697)
2(2697 2758)
2(2758 2819)
2(2819 2880)
2(2880 2941)
2(2941 3002)
2(3002 3063)
2(3063 3124)
2(3124 3185)
2(3185 3246)
2(3246 3307)
2(3307 3368)
2(3368 3429)
2(3429 3490)
2(3490 3551)
2(3551 3612)
2(3612 3673)
2(14 75)
2(75 136)
2(136 197)
2(197 258)
2(258 319)
2(319 380)
2(380 441)
2(441 502)
2(502 563)
2(563 624)
2(624 685)
2(685 746)
2(746 807)
2(807 868)
2(868 929)
2(929 990)
2(990 1051)
2(1051 1112)
2(1112 1173)
2(1173 1234)
2(1234 1295)
2(1295 1356)
2(1356 1417)
2(1417 1478)
2(1478 1539)
2(1539 1600)
2(1600 1661)
2(1661 1722)
2(1722 1783)
2(1783 1844)
2(1844 1905)
2(1905 1966)
2(1966 2027)
2(2027 2088)
2(2088 2149)
2(2149 2210)
2(2210 2271)
2(2271 2332)
2(2332 2393)
2(2393 2454)
2(2454 2515)
2(2515 2576)
2(2576 2637)
2(2637 2698)
2(2698 2759)
2(2759 2820)
2(2820 2881)
2(2881 2942)
2(2942 3003)
2(3003 3064)
2(3064 3125)
2(3125 3186)
2(3186 3247)
2(3247 3308)
2(3308 3369)
2(3369 3430)
2(3430 3491)
2(3491 3552)
2(3552 3613)
2(3613 3674)
2(15 76)
2(76 137)
2(137 198)
2(198 259)
2(259 320)
2(320 381)
2(381 442)
2(442 503)
2(503 564)
2(564 625)
2(625 686)
2(686 747)
2(747 808)
2(808 869)
2(869 930)
2(930 991)
2(991 1052)
2(1052 1113)
2(1113 1174)
2(1174 1235)
2(1235 1296)
2(1296 1357)
2(1357 1418)
2(1418 1479)
2(1479 1540)
2(1540 1601)
2(1601 1662)
2(1662 1723)
2(1723 1784)
2(1784 1845)
2(1845 1906)
2(1906 1967)
2(1967 2028)
2(2028 2089)
2(2089 2150)
2(2150 2211)
2(2211 2272)
2(2272 2333)
2(2333 2394)
2(2394 2455)
2(2455 2516)
2(2516 2577)
2(2577 2638)
2(2638 2699)
2(2699 2760)
2(2760 2821)
2(2821 2882)
2(2882 2943)
2(2943 3004)
2(3004 3065)
2(3065 3126)
2(3126 3187)
2(3187 3248)
2(3248 3309)
2(3309 3370)
2(3370 3431)
2(3431 3492)
2(3492 3553)
2(3553 3614)
2(3614 3675)
2(16 77)
2(77 138)
2(138 199)
2(199 260)
2(260 321)
2(321 382)
2(382 443)
2(443 504)
2(504 565)
2(565 626)
2(626 687)
2(687 748)
2(748 809)
2(809 870)
2(870 931)
2(931 992)
2(992 1053)
2(1053 1114)
2(1114 1175)
2(1175 1236)
2(1236 1297)
2(1297 1358)
2(1358 1419)
2(1419 1480)
2(1480 1541)
2(1541 1602)
2(1602 1663)
2(1663 1724)
2(1724 1785)
2(1785 1846)
2(1846 1907)
2(1907 1968)
2(1968 2029)
2(2029 2090)
2(2090 2151)
2(2151 2212)
2(2212 2273)
2(2273 2334)
2(2334 2395)
2(2395 2456)
2(2456 2517)
2(2517 2578)
2(2578 2639)
2(2639 2700)
2(2700 2761)
2(2761 2822)
2(2822 2883)
2(2883 2944)
2(2944 3005)
2(3005 3066)
2(3066 3127)
2(3127 3188)
2(3188 3249)
2(3249 3310)
2(3310 3371)
2(3371 3432)
2(3432 3493)
2(3493 3554)
2(3554 3615)
2(3615 3676)
2(17 78)
2(78 139)
2(139 200)
2(200 261)
2(261 322)
2(322 383)
2(383 444)
2(444 505)
2(505 566)
2(566 627)
2(627 688)
2(688 749)
2(749 810)
2(810 871)
2(871 932)
2(932 993)
2(993 1054)
2(1054 1115)
2(1115 1176)
2(1176 1237)
2(1237 1298)
2(1298 1359)
2(1359 1420)
2(1420 1481)
2(1481 1542)
2(1542 1603)
2(1603 1664)
2(1664 1725)
2(1725 1786)
2(1786 1847)
2(1847 1908)
2(1908 1969)
2(1969 2030)
2(2030 2091)
2(2091 2152)
2(2152 2213)
2(2213 2274)
2(2274 2335)
2(2335 2396)
2(2396 2457)
2(2457 2518)
2(2518 2579)
2(2579 2640)
2(2640 2701)
2(2701 2762)
2(2762 2823)
2(2823 2884)
2(2884 2945)
2(2945 3006)
2(3006 3067)
2(3067 3128)
2(3128 3189)
2(3189 3250)
2(3250 3311)
2(3311 3372)
2(3372 3433)
2(3433 3494)
2(3494 3555)
2(3555 3616)
2(3616 3677)
2(18 79)
2(79 140)
2(140 201)
2(201 262)
2(262 323)
2(323 384)
2(384 445)
2(445 506)
2(506 567)
2(567 628)
2(628 689)
2(689 750)
2(750 811)
2(811 872)
2(872 933)
2(933 994)
2(994 1055)
2(1055 1116)
2(1116 1177)
2(1177 1238)
2(1238 1299)
2(1299 1360)
2(1360 1421)
2(1421 1482)
2(1482 1543)
2(1543 1604)
2(1604 1665)
2(1665 1726)
2(1726 1787)
2(1787 1848)
2(1848 1909)
2(1909 1970)
2(1970 2031)
2(2031 2092)
2(2092 2153)
2(2153 2214)
2(2214 2275)
2(2275 2336)
2(2336 2397)
2(2397 2458)
2(2458 2519)
2(2519 2580)
2(2580 2641)
2(2641 2702)
2(2702 2763)
2(2763 2824)
2(2824 2885)
2(2885 2946)
2(2946 3007)
2(3007 3068)
2(3068 3129)
2(3129 3190)
2(3190 3251)
2(3251 3312)
2(3312 3373)
2(3373 3434)
2(3434 3495)
2(3495 3556)
2(3556 3617)
2(3617 3678)
2(19 80)
2(80 141)
2(141 202)
2(202 263)
2(263 324)
2(324 385)
2(385 446)
2(446 507)
2(507 568)
2(568 629)
2(629 690)
2(690 751)
2(751 812)
2(812 873)
2(873 934)
2(934 995)
2(995 1056)
2(1056 1117)
2(1117 1178)
2(1178 1239)
2(1239 1300)
2(1300 1361)
2(1361 1422)
2(1422 1483)
2(1483 1544)
2(1544 1605)
2(1605 1666)
2(1666 1727)
2(1727 1788)
2(1788 1849)
2(1849 1910)
2(1910 1971)
2(1971 2032)
2(2032 2093)
2(2093 2154)
2(2154 2215)
2(2215 2276)
2(2276 2337)
2(2337 2398)
2(2398 2459)
2(2459 2520)
2(2520 2581)
2(2581 2642)
2(2642 2703)
2(2703 2764)
2(2764 2825)
2(2825 2886)
2(2886 2947)
2(2947 3008)
2(3008 3069)
2(3069 3130)
2(3130 3191)
2(3191 3252)
2(3252 3313)
2(3313 3374)
2(3374 3435)
2(3435 3496)
2(3496 3557)
2(3557 3618)
2(3618 3679)
2(20 81)
2(81 142)
2(142 203)
2(203 264)
2(264 325)
2(325 386)
2(386 447)
2(447 508)
2(508 569)
2(569 630)
2(630 691)
2(691 752)
2(752 813)
2(813 874)
2(874 935)
2(935 996)
2(996 1057)
2(1057 1118)
2(1118 1179)
2(1179 1240)
2(1240 1301)
2(1301 1362)
2(1362 1423)
2(1423 1484)
2(1484 1545)
2(1545 1606)
2(1606 1667)
2(1667 1728)
2(1728 1789)
2(1789 1850)
2(1850 1911)
2(1911 1972)
2(1972 2033)
2(2033 2094)
2(2094 2155)
2(2155 2216)
2(2216 2277)
2(2277 2338)
2(2338 2399)
2(2399 2460)
2(2460 2521)
2(2521 2582)
2(2582 2643)
2(2643 2704)
2(2704 2765)
2(2765 2826)
2(2826 2887)
2(2887 2948)
2(2948 3009)
2(3009 3070)
2(3070 3131)
2(3131 3192)
2(3192 3253)
2(3253 3314)
2(3314 3375)
2(3375 3436)
2(3436 3497)
2(3497 3558)
2(3558 3619)
2(3619 3680)
2(21 82)
2(82 143)
2(143 204)
2(204 265)
2(265 326)
2(326 387)
2(387 448)
2(448 509)
2(509 570)
2(570 631)
2(631 692)
2(692 753)
2(753 814)
2(814 875)
2(875 936)
2(936 997)
2(997 1058)
2(1058 1119)
2(1119 1180)
2(1180 1241)
2(1241 1302)
2(1302 1363)
2(1363 1424)
2(1424 1485)
2(1485 1546)
2(1546 1607)
2(1607 1668)
2(1668 1729)
2(1729 1790)
2(1790 1851)
2(1851 1912)
2(1912 1973)
2(1973 2034)
2(2034 2095)
2(2095 2156)
2(2156 2217)
2(2217 2278)
2(2278 2339)
2(2339 2400)
2(2400 2461)
2(2461 2522)
2(2522 2583)
2(2583 2644)
2(2644 2705)
2(2705 2766)
2(2766 2827)
2(2827 2888)
2(2888 2949)
2(2949 3010)
2(3010 3071)
2(3071 3132)
2(3132 3193)
2(3193 3254)
2(3254 3315)
2(3315 3376)
2(3376 3437)
2(3437 3498)
2(3498 3559)
2(3559 3620)
2(3620 3681)
2(22 83)
2(83 144)
2(144 205)
2(205 266)
2(266 327)
2(327 388)
2(388 449)
2(449 510)
2(510 571)
2(571 632)
2(632 693)
2(693 754)
2(754 815)
2(815 876)
2(876 937)
2(937 998)
2(998 1059)
2(1059 1120)
2(1120 1181)
2(1181 1242)
2(1242 1303)
2(1303 1364)
2(1364 1425)
2(1425 1486)
2(1486 1547)
2(1547 1608)
2(1608 1669)
2(1669 1730)
2(1730 1791)
2(1791 1852)
2(1852 1913)
2(1913 1974)
2(1974 2035)
2(2035 2096)
2(2096 2157)
2(2157 2218)
2(2218 2279)
2(2279 2340)
2(2340 2401)
2(2401 2462)
2(2462 2523)
2(2523 2584)
2(2584 2645)
2(2645 2706)
2(2706 2767)
2(2767 2828)
2(2828 2889)
2(2889 2950)
2(2950 3011)
2(3011 3072)
2(3072 3133)
2(3133 3194)
2(3194 3255)
2(3255 3316)
2(3316 3377)
2(3377 3438)
2(3438 3499)
2(3499 3560)
2(3560 3621)
2(3621 3682)
2(23 84)
2(84 145)
2(145 206)
2(206 267)
2(267 328)
2(328 389)
2(389 450)
2(450 511)
2(511 572)
2(572 633)
2(633 694)
2(694 755)
2(755 816)
2(816 877)
2(877 938)
2(938 999)
2(999 1060)
2(1060 1121)
2(1121 1182)
2(1182 1243)
2(1243 1304)
2(1304 1365)
2(1365 1426)
2(1426 1487)
2(1487 1548)
2(1548 1609)
2(1609 1670)
2(1670 1731)
2(1731 1792)
2(1792 1853)
2(1853 1914)
2(1914 1975)
2(1975 2036)
2(2036 2097)
2(2097 2158)
2(2158 2219)
2(2219 2280)
2(2280 2341)
2(2341 2402)
2(2402 2463)
2(2463 2524)
2(2524 2585)
2(2585 2646)
2(2646 2707)
2(2707 2768)
2(2768 2829)
2(2829 2890)
2(2890 2951)
2(2951 3012)
2(3012 3073)
2(3073 3134)
2(3134 3195)
2(3195 3256)
2(3256 3317)
2(3317 3378)
2(3378 3439)
2(3439 3500)
2(3500 3561)
2(3561 3622)
2(3622 3683)
2(24 85)
2(85 146)
2(146 207)
2(207 268)
2(268 329)
2(329 390)
2(390 451)
2(451 512)
2(512 573)
2(573 634)
2(634 695)
2(695 756)
2(756 817)
2(817 878)
2(878 939)
2(939 1000)
2(1000 1061)
2(1061 1122)
2(1122 1183)
2(1183 1244)
2(1244 1305)
2(1305 1366)
2(1366 1427)
2(1427 1488)
2(1488 1549)
2(1549 1610)
2(1610 1671)
2(1671 1732)
2(1732 1793)
2(1793 1854)
2(1854 1915)
2(1915 1976)
2(1976 2037)
2(2037 2098)
2(2098 2159)
2(2159 2220)
2(2220 2281)
2(2281 2342)
2(2342 2403)
2(2403 2464)
2(2464 2525)
2(2525 2586)
2(2586 2647)
2(2647 2708)
2(2708 2769)
2(2769 2830)
2(2830 2891)
2(2891 2952)
2(2952 3013)
2(3013 3074)
2(3074 3135)
2(3135 3196)
2(3196 3257)
2(3257 3318)
2(3318 3379)
2(3379 3440)
2(3440 3501)
2(3501 3562)
2(3562 3623)
2(3623 3684)
2(25 86)
2(86 147)
2(147 208)
2(208 269)
2(269 330)
2(330 391)
2(391 452)
2(452 513)
2(513 574)
2(574 635)
2(635 696)
2(696 757)
2(757 818)
2(818 879)
2(879 940)
2(940 1001)
2(1001 1062)
2(1062 1123)
2(1123 1184)
2(1184 1245)
2(1245 1306)
2(1306 1367)
2(1367 1428)
2(1428 1489)
2(1489 1550)
2(1550 1611)
2(1611 1672)
2(1672 1733)
2(1733 1794)
2(1794 1855)
2(1855 1916)
2(1916 1977)
2(1977 2038)
2(2038 2099)
2(2099 2160)
2(2160 2221)
2(2221 2282)
2(2282 2343)
2(2343 2404)
2(2404 2465)
2(2465 2526)
2(2526 2587)
2(2587 2648)
2(2648 2709)
2(2709 2770)
2(2770 2831)
2(2831 2892)
2(2892 2953)
2(2953 3014)
2(3014 3075)
2(3075 3136)
2(3136 3197)
2(3197 3258)
2(3258 3319)
2(3319 3380)
2(3380 3441)
2(3441 3502)
2(3502 3563)
2(3563 3624)
2(3624 3685)
2(26 87)
2(87 148)
2(148 209)
2(209 270)
2(270 331)
2(331 392)
2(392 453)
2(453 514)
2(514 575)
2(575 636)
2(636 697)
2(697 758)
2(758 819)
2(819 880)
2(880 941)
2(941 1002)
2(1002 1063)
2(1063 1124)
2(1124 1185)
2(1185 1246)
2(1246 1307)
2(1307 1368)
2(1368 1429)
2(1429 1490)
2(1490 1551)
2(1551 1612)
2(1612 1673)
2(1673 1734)
2(1734 1795)
2(1795 1856)
2(1856 1917)
2(1917 1978)
2(1978 2039)
2(2039 2100)
2(2100 2161)
2(2161 2222)
2(2222 2283)
2(2283 2344)
2(2344 2405)
2(2405 2466)
2(2466 2527)
2(2527 2588)
2(2588 2649)
2(2649 2710)
2(2710 2771)
2(2771 2832)
2(2832 2893)
2(2893 2954)
2(2954 3015)
2(3015 3076)
2(3076 3137)
2(3137 3198)
2(3198 3259)
2(3259 3320)
2(3320 3381)
2(3381 3442)
2(3442 3503)
2(3503 3564)
2(3564 3625)
2(3625 3686)
2(27 88)
2(88 149)
2(149 210)
2(210 271)
2(271 332)
2(332 393)
2(393 454)
2(454 515)
2(515 576)
2(576 637)
2(637 698)
2(698 759)
2(759 820)
2(820 881)
2(881 942)
2(942 1003)
2(1003 1064)
2(1064 1125)
2(1125 1186)
2(1186 1247)
2(1247 1308)
2(1308 1369)
2(1369 1430)
2(1430 1491)
2(1491 1552)
2(1552 1613)
2(1613 1674)
2(1674 1735)
2(1735 1796)
2(1796 1857)
2(1857 1918)
2(1918 1979)
2(1979 2040)
2(2040 2101)
2(2101 2162)
2(2162 2223)
2(2223 2284)
2(2284 2345)
2(2345 2406)
2(2406 2467)
2(2467 2528)
2(2528 2589)
2(2589 2650)
2(2650 2711)
2(2711 2772)
2(2772 2833)
2(2833 2894)
2(2894 2955)
2(2955 3016)
2(3016 3077)
2(3077 3138)
2(3138 3199)
2(3199 3260)
2(3260 3321)
2(3321 3382)
2(3382 3443)
2(3443 3504)
2(3504 3565)
2(3565 3626)
2(3626 3687)
2(28 89)
2(89 150)
2(150 211)
2(211 272)
2(272 333)
2(333 394)
2(394 455)
2(455 516)
2(516 577)
2(577 638)
2(638 699)
2(699 760)
2(760 821)
2(821 882)
2(882 943)
2(943 1004)
2(1004 1065)
2(1065 1126)
2(1126 1187)
2(1187 1248)
2(1248 1309)
2(1309 1370)
2(1370 1431)
2(1431 1492)
2(1492 1553)
2(1553 1614)
2(1614 1675)
2(1675 1736)
2(1736 1797)
2(1797 1858)
2(1858 1919)
2(1919 1980)
2(1980 2041)
2(2041 2102)
2(2102 2163)
2(2163 2224)
2(2224 2285)
2(2285 2346)
2(2346 2407)
2(2407 2468)
2(2468 2529)
2(2529 2590)
2(2590 2651)
2(2651 2712)
2(2712 2773)
2(2773 2834)
2(2834 2895)
2(2895 2956)
2(2956 3017)
2(3017 3078)
2(3078 3139)
2(3139 3200)
2(3200 3261)
2(3261 3322)
2(3322 3383)
2(3383 3444)
2(3444 3505)
2(3505 3566)
2(3566 3627)
2(3627 3688)
2(29 90)
2(90 151)
2(151 212)
2(212 273)
2(273 334)
2(334 395)
2(395 456)
2(456 517)
2(517 578)
2(578 639)
2(639 700)
2(700 761)
2(761 822)
2(822 883)
2(883 944)
2(944 1005)
2(1005 1066)
2(1066 1127)
2(1127 1188)
2(1188 1249)
2(1249 1310)
2(1310 1371)
2(1371 1432)
2(1432 1493)
2(1493 1554)
2(1554 1615)
2(1615 1676)
2(1676 1737)
2(1737 1798)
2(1798 1859)
2(1859 1920)
2(1920 1981)
2(1981 2042)
2(2042 2103)
2(2103 2164)
2(2164 2225)
2(2225 2286)
2(2286 2347)
2(2347 2408)
2(2408 2469)
2(2469 2530)
2(2530 2591)
2(2591 2652)
2(2652 2713)
2(2713 2774)
2(2774 2835)
2(2835 2896)
2(2896 2957)
2(2957 3018)
2(3018 3079)
2(3079 3140)
2(3140 3201)
2(3201 3262)
2(3262 3323)
2(3323 3384)
2(3384 3445)
2(3445 3506)
2(3506 3567)
2(3567 3628)
2(3628 3689)
2(30 91)
2(91 152)
2(152 213)
2(213 274)
2(274 335)
2(335 396)
2(396 457)
2(457 518)
2(518 579)
2(579 640)
2(640 701)
2(701 762)
2(762 823)
2(823 884)
2(884 945)
2(945 1006)
2(1006 1067)
2(1067 1128)
2(1128 1189)
2(1189 1250)
2(1250 1311)
2(1311 1372)
2(1372 1433)
2(1433 1494)
2(1494 1555)
2(1555 1616)
2(1616 1677)
2(1677 1738)
2(1738 1799)
2(1799 1860)
2(1860 1921)
2(1921 1982)
2(1982 2043)
2(2043 2104)
2(2104 2165)
2(2165 2226)
2(2226 2287)
2(2287 2348)
2(2348 2409)
2(2409 2470)
2(2470 2531)
2(2531 2592)
2(2592 2653)
2(2653 2714)
2(2714 2775)
2(2775 2836)
2(2836 2897)
2(2897 2958)
2(2958 3019)
2(3019 3080)
2(3080 3141)
2(3141 3202)
2(3202 3263)
2(3263 3324)
2(3324 3385)
2(3385 3446)
2(3446 3507)
2(3507 3568)
2(3568 3629)
2(3629 3690)
2(31 92)
2(92 153)
2(153 214)
2(214 275)
2(275 336)
2(336 397)
2(397 458)
2(458 519)
2(519 580)
2(580 641)
2(641 702)
2(702 763)
2(763 824)
2(824 885)
2(885 946)
2(946 1007)
2(1007 1068)
2(1068 1129)
2(1129 1190)
2(1190 1251)
2(1251 1312)
2(1312 1373)
2(1373 1434)
2(1434 1495)
2(1495 1556)
2(1556 1617)
2(1617 1678)
2(1678 1739)
2(1739 1800)
2(1800 1861)
2(1861 1922)
2(1922 1983)
2(1983 2044)
2(2044 2105)
2(2105 2166)
2(2166 2227)
2(2227 2288)
2(2288 2349)
2(2349 2410)
2(2410 2471)
2(2471 2532)
2(2532 2593)
2(2593 2654)
2(2654 2715)
2(2715 2776)
2(2776 2837)
2(2837 2898)
2(2898 2959)
2(2959 3020)
2(3020 3081)
2(3081 3142)
2(3142 3203)
2(3203 3264)
2(3264 3325)
2(3325 3386)
2(3386 3447)
2(3447 3508)
2(3508 3569)
2(3569 3630)
2(3630 3691)
2(32 93)
2(93 154)
2(154 215)
2(215 276)
2(276 337)
2(337 398)
2(398 459)
2(459 520)
2(520 581)
2(581 642)
2(642 703)
2(703 764)
2(764 825)
2(825 886)
2(886 947)
2(947 1008)
2(1008 1069)
2(1069 1130)
2(1130 1191)
2(1191 1252)
2(1252 1313)
2(1313 1374)
2(1374 1435)
2(1435 1496)
2(1496 1557)
2(1557 1618)
2(1618 1679)
2(1679 1740)
2(1740 1801)
2(1801 1862)
2(1862 1923)
2(1923 1984)
2(1984 2045)
2(2045 2106)
2(2106 2167)
2(2167 2228)
2(2228 2289)
2(2289 2350)
2(2350 2411)
2(2411 2472)
2(2472 2533)
2(2533 2594)
2(2594 2655)
2(2655 2716)
2(2716 2777)
2(2777 2838)
2(2838 2899)
2(2899 2960)
2(2960 3021)
2(3021 3082)
2(3082 3143)
2(3143 3204)
2(3204 3265)
2(3265 3326)
2(3326 3387)
2(3387 3448)
2(3448 3509)
2(3509 3570)
2(3570 3631)
2(3631 3692)
2(33 94)
2(94 155)
2(155 216)
2(216 277)
2(277 338)
2(338 399)
2(399 460)
2(460 521)
2(521 582)
2(582 643)
2(643 704)
2(704 765)
2(765 826)
2(826 887)
2(887 948)
2(948 1009)
2(1009 1070)
2(1070 1131)
2(1131 1192)
2(1192 1253)
2(1253 1314)
2(1314 1375)
2(1375 1436)
2(1436 1497)
2(1497 1558)
2(1558 1619)
2(1619 1680)
2(1680 1741)
2(1741 1802)
2(1802 1863)
2(1863 1924)
2(1924 1985)
2(1985 2046)
2(2046 2107)
2(2107 2168)
2(2168 2229)
2(2229 2290)
2(2290 2351)
2(2351 2412)
2(2412 2473)
2(2473 2534)
2(2534 2595)
2(2595 2656)
2(2656 2717)
2(2717 2778)
2(2778 2839)
2(2839 2900)
2(2900 2961)
2(2961 3022)
2(3022 3083)
2(3083 3144)
2(3144 3205)
2(3205 3266)
2(3266 3327)
2(3327 3388)
2(3388 3449)
2(3449 3510)
2(3510 3571)
2(3571 3632)
2(3632 3693)
2(34 95)
2(95 156)
2(156 217)
2(217 278)
2(278 339)
2(339 400)
2(400 461)
2(461 522)
2(522 583)
2(583 644)
2(644 705)
2(705 766)
2(766 827)
2(827 888)
2(888 949)
2(949 1010)
2(1010 1071)
2(1071 1132)
2(1132 1193)
2(1193 1254)
2(1254 1315)
2(1315 1376)
2(1376 1437)
2(1437 1498)
2(1498 1559)
2(1559 1620)
2(1620 1681)
2(1681 1742)
2(1742 1803)
2(1803 1864)
2(1864 1925)
2(1925 1986)
2(1986 2047)
2(2047 2108)
2(2108 2169)
2(2169 2230)
2(2230 2291)
2(2291 2352)
2(2352 2413)
2(2413 2474)
2(2474 2535)
2(2535 2596)
2(2596 2657)
2(2657 2718)
2(2718 2779)
2(2779 2840)
2(2840 2901)
2(2901 2962)
2(2962 3023)
2(3023 3084)
2(3084 3145)
2(3145 3206)
2(3206 3267)
2(3267 3328)
2(3328 3389)
2(3389 3450)
2(3450 3511)
2(3511 3572)
2(3572 3633)
2(3633 3694)
2(35 96)
2(96 157)
2(157 218)
2(218 279)
2(279 340)
2(340 401)
2(401 462)
2(462 523)
2(523 584)
2(584 645)
2(645 706)
2(706 767)
2(767 828)
2(828 889)
2(889 950)
2(950 1011)
2(1011 1072)
2(1072 1133)
2(1133 1194)
2(1194 1255)
2(1255 1316)
2(1316 1377)
2(1377 1438)
2(1438 1499)
2(1499 1560)
2(1560 1621)
2(1621 1682)
2(1682 1743)
2(1743 1804)
2(1804 1865)
2(1865 1926)
2(1926 1987)
2(1987 2048)
2(2048 2109)
2(2109 2170)
2(2170 2231)
2(2231 2292)
2(2292 2353)
2(2353 2414)
2(2414 2475)
2(2475 2536)
2(2536 2597)
2(2597 2658)
2(2658 2719)
2(2719 2780)
2(2780 2841)
2(2841 2902)
2(2902 2963)
2(2963 3024)
2(3024 3085)
2(3085 3146)
2(3146 3207)
2(3207 3268)
2(3268 3329)
2(3329 3390)
2(3390 3451)
2(3451 3512)
2(3512 3573)
2(3573 3634)
2(3634 3695)
2(36 97)
2(97 158)
2(158 219)
2(219 280)
2(280 341)
2(341 402)
2(402 463)
2(463 524)
2(524 585)
2(585 646)
2(646 707)
2(707 768)
2(768 829)
2(829 890)
2(890 951)
2(951 1012)
2(1012 1073)
2(1073 1134)
2(1134 1195)
2(1195 1256)
2(1256 1317)
2(1317 1378)
2(1378 1439)
2(1439 1500)
2(1500 1561)
2(1561 1622)
2(1622 1683)
2(1683 1744)
2(1744 1805)
2(1805 1866)
2(1866 1927)
2(1927 1988)
2(1988 2049)
2(2049 2110)
2(2110 2171)
2(2171 2232)
2(2232 2293)
2(2293 2354)
2(2354 2415)
2(2415 2476)
2(2476 2537)
2(2537 2598)
2(2598 2659)
2(2659 2720)
2(2720 2781)
2(2781 2842)
2(2842 2903)
2(2903 2964)
2(2964 3025)
2(3025 3086)
2(3086 3147)
2(3147 3208)
2(3208 3269)
2(3269 3330)
2(3330 3391)
2(3391 3452)
2(3452 3513)
2(3513 3574)
2(3574 3635)
2(3635 3696)
2(37 98)
2(98 159)
2(159 220)
2(220 281)
2(281 342)
2(342 403)
2(403 464)
2(464 525)
2(525 586)
2(586 647)
2(647 708)
2(708 769)
2(769 830)
2(830 891)
2(891 952)
2(952 1013)
2(1013 1074)
2(1074 1135)
2(1135 1196)
2(1196 1257)
2(1257 1318)
2(1318 1379)
2(1379 1440)
2(1440 1501)
2(1501 1562)
2(1562 1623)
2(1623 1684)
2(1684 1745)
2(1745 1806)
2(1806 1867)
2(1867 1928)
2(1928 1989)
2(1989 2050)
2(2050 2111)
2(2111 2172)
2(2172 2233)
2(2233 2294)
2(2294 2355)
2(2355 2416)
2(2416 2477)
2(2477 2538)
2(2538 2599)
2(2599 2660)
2(2660 2721)
2(2721 2782)
2(2782 2843)
2(2843 2904)
2(2904 2965)
2(2965 3026)
2(3026 3087)
2(3087 3148)
2(3148 3209)
2(3209 3270)
2(3270 3331)
2(3331 3392)
2(3392 3453)
2(3453 3514)
2(3514 3575)
2(3575 3636)
2(3636 3697)
2(38 99)
2(99 160)
2(160 221)
2(221 282)
2(282 343)
2(343 404)
2(404 465)
2(465 526)
2(526 587)
2(587 648)
2(648 709)
2(709 770)
2(770 831)
2(831 892)
2(892 953)
2(953 1014)
2(1014 1075)
2(1075 1136)
2(1136 1197)
2(1197 1258)
2(1258 1319)
2(1319 1380)
2(1380 1441)
2(1441 1502)
2(1502 1563)
2(1563 1624)
2(1624 1685)
2(1685 1746)
2(1746 1807)
2(1807 1868)
2(1868 1929)
2(1929 1990)
2(1990 2051)
2(2051 2112)
2(2112 2173)
2(2173 2234)
2(2234 2295)
2(2295 2356)
2(2356 2417)
2(2417 2478)
2(2478 2539)
2(2539 2600)
2(2600 2661)
2(2661 2722)
2(2722 2783)
2(2783 2844)
2(2844 2905)
2(2905 2966)
2(2966 3027)
2(3027 3088)
2(3088 3149)
2(3149 3210)
2(3210 3271)
2(3271 3332)
2(3332 3393)
2(3393 3454)
2(3454 3515)
2(3515 3576)
2(3576 3637)
2(3637 3698)
2(39 100)
2(100 161)
2(161 222)
2(222 283)
2(283 344)
2(344 405)
2(405 466)
2(466 527)
2(527 588)
2(588 649)
2(649 710)
2(710 771)
2(771 832)
2(832 893)
2(893 954)
2(954 1015)
2(1015 1076)
2(1076 1137)
2(1137 1198)
2(1198 1259)
2(1259 1320)
2(1320 1381)
2(1381 1442)
2(1442 1503)
2(1503 1564)
2(1564 1625)
2(1625 1686)
2(1686 1747)
2(1747 1808)
2(1808 1869)
2(1869 1930)
2(1930 1991)
2(1991 2052)
2(2052 2113)
2(2113 2174)
2(2174 2235)
2(2235 2296)
2(2296 2357)
2(2357 2418)
2(2418 2479)
2(2479 2540)
2(2540 2601)
2(2601 2662)
2(2662 2723)
2(2723 2784)
2(2784 2845)
2(2845 2906)
2(2906 2967)
2(2967 3028)
2(3028 3089)
2(3089 3150)
2(3150 3211)
2(3211 3272)
2(3272 3333)
2(3333 3394)
2(3394 3455)
2(3455 3516)
2(3516 3577)
2(3577 3638)
2(3638 3699)
2(40 101)
2(101 162)
2(162 223)
2(223 284)
2(284 345)
2(345 406)
2(406 467)
2(467 528)
2(528 589)
2(589 650)
2(650 711)
2(711 772)
2(772 833)
2(833 894)
2(894 955)
2(955 1016)
2(1016 1077)
2(1077 1138)
2(1138 1199)
2(1199 1260)
2(1260 1321)
2(1321 1382)
2(1382 1443)
2(1443 1504)
2(1504 1565)
2(1565 1626)
2(1626 1687)
2(1687 1748)
2(1748 1809)
2(1809 1870)
2(1870 1931)
2(1931 1992)
2(1992 2053)
2(2053 2114)
2(2114 2175)
2(2175 2236)
2(2236 2297)
2(2297 2358)
2(2358 2419)
2(2419 2480)
2(2480 2541)
2(2541 2602)
2(2602 2663)
2(2663 2724)
2(2724 2785)
2(2785 2846)
2(2846 2907)
2(2907 2968)
2(2968 3029)
2(3029 3090)
2(3090 3151)
2(3151 3212)
2(3212 3273)
2(3273 3334)
2(3334 3395)
2(3395 3456)
2(3456 3517)
2(3517 3578)
2(3578 3639)
2(3639 3700)
2(41 102)
2(102 163)
2(163 224)
2(224 285)
2(285 346)
2(346 407)
2(407 468)
2(468 529)
2(529 590)
2(590 651)
2(651 712)
2(712 773)
2(773 834)
2(834 895)
2(895 956)
2(956 1017)
2(1017 1078)
2(1078 1139)
2(1139 1200)
2(1200 1261)
2(1261 1322)
2(1322 1383)
2(1383 1444)
2(1444 1505)
2(1505 1566)
2(1566 1627)
2(1627 1688)
2(1688 1749)
2(1749 1810)
2(1810 1871)
2(1871 1932)
2(1932 1993)
2(1993 2054)
2(2054 2115)
2(2115 2176)
2(2176 2237)
2(2237 2298)
2(2298 2359)
2(2359 2420)
2(2420 2481)
2(2481 2542)
2(2542 2603)
2(2603 2664)
2(2664 2725)
2(2725 2786)
2(2786 2847)
2(2847 2908)
2(2908 2969)
2(2969 3030)
2(3030 3091)
2(3091 3152)
2(3152 3213)
2(3213 3274)
2(3274 3335)
2(3335 3396)
2(3396 3457)
2(3457 3518)
2(3518 3579)
2(3579 3640)
2(3640 3701)
2(42 103)
2(103 164)
2(164 225)
2(225 286)
2(286 347)
2(347 408)
2(408 469)
2(469 530)
2(530 591)
2(591 652)
2(652 713)
2(713 774)
2(774 835)
2(835 896)
2(896 957)
2(957 1018)
2(1018 1079)
2(1079 1140)
2(1140 1201)
2(1201 1262)
2(1262 1323)
2(1323 1384)
2(1384 1445)
2(1445 1506)
2(1506 1567)
2(1567 1628)
2(1628 1689)
2(1689 1750)
2(1750 1811)
2(1811 1872)
2(1872 1933)
2(1933 1994)
2(1994 2055)
2(2055 2116)
2(2116 2177)
2(2177 2238)
2(2238 2299)
2(2299 2360)
2(2360 2421)
2(2421 2482)
2(2482 2543)
2(2543 2604)
2(2604 2665)
2(2665 2726)
2(2726 2787)
2(2787 2848)
2(2848 2909)
2(2909 2970)
2(2970 3031)
2(3031 3092)
2(3092 3153)
2(3153 3214)
2(3214 3275)
2(3275 3336)
2(3336 3397)
2(3397 3458)
2(3458 3519)
2(3519 3580)
2(3580 3641)
2(3641 3702)
2(43 104)
2(104 165)
2(165 226)
2(226 287)
2(287 348)
2(348 409)
2(409 470)
2(470 531)
2(531 592)
2(592 653)
2(653 714)
2(714 775)
2(775 836)
2(836 897)
2(897 958)
2(958 1019)
2(1019 1080)
2(1080 1141)
2(1141 1202)
2(1202 1263)
2(1263 1324)
2(1324 1385)
2(1385 1446)
2(1446 1507)
2(1507 1568)
2(1568 1629)
2(1629 1690)
2(1690 1751)
2(1751 1812)
2(1812 1873)
2(1873 1934)
2(1934 1995)
2(1995 2056)
2(2056 2117)
2(2117 2178)
2(2178 2239)
2(2239 2300)
2(2300 2361)
2(2361 2422)
2(2422 2483)
2(2483 2544)
2(2544 2605)
2(2605 2666)
2(2666 2727)
2(2727 2788)
2(2788 2849)
2(2849 2910)
2(2910 2971)
2(2971 3032)
2(3032 3093)
2(3093 3154)
2(3154 3215)
2(3215 3276)
2(3276 3337)
2(3337 3398)
2(3398 3459)
2(3459 3520)
2(3520 3581)
2(3581 3642)
2(3642 3703)
2(44 105)
2(105 166)
2(166 227)
2(227 288)
2(288 349)
2(349 410)
2(410 471)
2(471 532)
2(532 593)
2(593 654)
2(654 715)
2(715 776)
2(776 837)
2(837 898)
2(898 959)
2(959 1020)
2(1020 1081)
2(1081 1142)
2(1142 1203)
2(1203 1264)
2(1264 1325)
2(1325 1386)
2(1386 1447)
2(1447 1508)
2(1508 1569)
2(1569 1630)
2(1630 1691)
2(1691 1752)
2(1752 1813)
2(1813 1874)
2(1874 1935)
2(1935 1996)
2(1996 2057)
2(2057 2118)
2(2118 2179)
2(2179 2240)
2(2240 2301)
2(2301 2362)
2(2362 2423)
2(2423 2484)
2(2484 2545)
2(2545 2606)
2(2606 2667)
2(2667 2728)
2(2728 2789)
2(2789 2850)
2(2850 2911)
2(2911 2972)
2(2972 3033)
2(3033 3094)
2(3094 3155)
2(3155 3216)
2(3216 3277)
2(3277 3338)
2(3338 3399)
2(3399 3460)
2(3460 3521)
2(3521 3582)
2(3582 3643)
2(3643 3704)
2(45 106)
2(106 167)
2(167 228)
2(228 289)
2(289 350)
2(350 411)
2(411 472)
2(472 533)
2(533 594)
2(594 655)
2(655 716)
2(716 777)
2(777 838)
2(838 899)
2(899 960)
2(960 1021)
2(1021 1082)
2(1082 1143)
2(1143 1204)
2(1204 1265)
2(1265 1326)
2(1326 1387)
2(1387 1448)
2(1448 1509)
2(1509 1570)
2(1570 1631)
2(1631 1692)
2(1692 1753)
2(1753 1814)
2(1814 1875)
2(1875 1936)
2(1936 1997)
2(1997 2058)
2(2058 2119)
2(2119 2180)
2(2180 2241)
2(2241 2302)
2(2302 2363)
2(2363 2424)
2(2424 2485)
2(2485 2546)
2(2546 2607)
2(2607 2668)
2(2668 2729)
2(2729 2790)
2(2790 2851)
2(2851 2912)
2(2912 2973)
2(2973 3034)
2(3034 3095)
2(3095 3156)
2(3156 3217)
2(3217 3278)
2(3278 3339)
2(3339 3400)
2(3400 3461)
2(3461 3522)
2(3522 3583)
2(3583 3644)
2(3644 3705)
2(46 107)
2(107 168)
2(168 229)
2(229 290)
2(290 351)
2(351 412)
2(412 473)
2(473 534)
2(534 595)
2(595 656)
2(656 717)
2(717 778)
2(778 839)
2(839 900)
2(900 961)
2(961 1022)
2(1022 1083)
2(1083 1144)
2(1144 1205)
2(1205 1266)
2(1266 1327)
2(1327 1388)
2(1388 1449)
2(1449 1510)
2(1510 1571)
2(1571 1632)
2(1632 1693)
2(1693 1754)
2(1754 1815)
2(1815 1876)
2(1876 1937)
2(1937 1998)
2(1998 2059)
2(2059 2120)
2(2120 2181)
2(2181 2242)
2(2242 2303)
2(2303 2364)
2(2364 2425)
2(2425 2486)
2(2486 2547)
2(2547 2608)
2(2608 2669)
2(2669 2730)
2(2730 2791)
2(2791 2852)
2(2852 2913)
2(2913 2974)
2(2974 3035)
2(3035 3096)
2(3096 3157)
2(3157 3218)
2(3218 3279)
2(3279 3340)
2(3340 3401)
2(3401 3462)
2(3462 3523)
2(3523 3584)
2(3584 3645)
2(3645 3706)
2(47 108)
2(108 169)
2(169 230)
2(230 291)
2(291 352)
2(352 413)
2(413 474)
2(474 535)
2(535 596)
2(596 657)
2(657 718)
2(718 779)
2(779 840)
2(840 901)
2(901 962)
2(962 1023)
2(1023 1084)
2(1084 1145)
2(1145 1206)
2(1206 1267)
2(1267 1328)
2(1328 1389)
2(1389 1450)
2(1450 1511)
2(1511 1572)
2(1572 1633)
2(1633 1694)
2(1694 1755)
2(1755 1816)
2(1816 1877)
2(1877 1938)
2(1938 1999)
2(1999 2060)
2(2060 2121)
2(2121 2182)
2(2182 2243)
2(2243 2304)
2(2304 2365)
2(2365 2426)
2(2426 2487)
2(2487 2548)
2(2548 2609)
2(2609 2670)
2(2670 2731)
2(2731 2792)
2(2792 2853)
2(2853 2914)
2(2914 2975)
2(2975 3036)
2(3036 3097)
2(3097 3158)
2(3158 3219)
2(3219 3280)
2(3280 3341)
2(3341 3402)
2(3402 3463)
2(3463 3524)
2(3524 3585)
2(3585 3646)
2(3646 3707)
2(48 109)
2(109 170)
2(170 231)
2(231 292)
2(292 353)
2(353 414)
2(414 475)
2(475 536)
2(536 597)
2(597 658)
2(658 719)
2(719 780)
2(780 841)
2(841 902)
2(902 963)
2(963 1024)
2(1024 1085)
2(1085 1146)
2(1146 1207)
2(1207 1268)
2(1268 1329)
2(1329 1390)
2(1390 1451)
2(1451 1512)
2(1512 1573)
2(1573 1634)
2(1634 1695)
2(1695 1756)
2(1756 1817)
2(1817 1878)
2(1878 1939)
2(1939 2000)
2(2000 2061)
2(2061 2122)
2(2122 2183)
2(2183 2244)
2(2244 2305)
2(2305 2366)
2(2366 2427)
2(2427 2488)
2(2488 2549)
2(2549 2610)
2(2610 2671)
2(2671 2732)
2(2732 2793)
2(2793 2854)
2(2854 2915)
2(2915 2976)
2(2976 3037)
2(3037 3098)
2(3098 3159)
2(3159 3220)
2(3220 3281)
2(3281 3342)
2(3342 3403)
2(3403 3464)
2(3464 3525)
2(3525 3586)
2(3586 3647)
2(3647 3708)
2(49 110)
2(110 171)
2(171 232)
2(232 293)
2(293 354)
2(354 415)
2(415 476)
2(476 537)
2(537 598)
2(598 659)
2(659 720)
2(720 781)
2(781 842)
2(842 903)
2(903 964)
2(964 1025)
2(1025 1086)
2(1086 1147)
2(1147 1208)
2(1208 1269)
2(1269 1330)
2(1330 1391)
2(1391 1452)
2(1452 1513)
2(1513 1574)
2(1574 1635)
2(1635 1696)
2(1696 1757)
2(1757 1818)
2(1818 1879)
2(1879 1940)
2(1940 2001)
2(2001 2062)
2(2062 2123)
2(2123 2184)
2(2184 2245)
2(2245 2306)
2(2306 2367)
2(2367 2428)
2(2428 2489)
2(2489 2550)
2(2550 2611)
2(2611 2672)
2(2672 2733)
2(2733 2794)
2(2794 2855)
2(2855 2916)
2(2916 2977)
2(2977 3038)
2(3038 3099)
2(3099 3160)
2(3160 3221)
2(3221 3282)
2(3282 3343)
2(3343 3404)
2(3404 3465)
2(3465 3526)
2(3526 3587)
2(3587 3648)
2(3648 3709)
2(50 111)
2(111 172)
2(172 233)
2(233 294)
2(294 355)
2(355 416)
2(416 477)
2(477 538)
2(538 599)
2(599 660)
2(660 721)
2(721 782)
2(782 843)
2(843 904)
2(904 965)
2(965 1026)
2(1026 1087)
2(1087 1148)
2(1148 1209)
2(1209 1270)
2(1270 1331)
2(1331 1392)
2(1392 1453)
2(1453 1514)
2(1514 1575)
2(1575 1636)
2(1636 1697)
2(1697 1758)
2(1758 1819)
2(1819 1880)
2(1880 1941)
2(1941 2002)
2(2002 2063)
2(2063 2124)
2(2124 2185)
2(2185 2246)
2(2246 2307)
2(2307 2368)
2(2368 2429)
2(2429 2490)
2(2490 2551)
2(2551 2612)
2(2612 2673)
2(2673 2734)
2(2734 2795)
2(2795 2856)
2(2856 2917)
2(2917 2978)
2(2978 3039)
2(3039 3100)
2(3100 3161)
2(3161 3222)
2(3222 3283)
2(3283 3344)
2(3344 3405)
2(3405 3466)
2(3466 3527)
2(3527 3588)
2(3588 3649)
2(3649 3710)
2(51 112)
2(112 173)
2(173 234)
2(234 295)
2(295 356)
2(356 417)
2(417 478)
2(478 539)
2(539 600)
2(600 661)
2(661 722)
2(722 783)
2(783 844)
2(844 905)
2(905 966)
2(966 1027)
2(1027 1088)
2(1088 1149)
2(1149 1210)
2(1210 1271)
2(1271 1332)
2(1332 1393)
2(1393 1454)
2(1454 1515)
2(1515 1576)
2(1576 1637)
2(1637 1698)
2(1698 1759)
2(1759 1820)
2(1820 1881)
2(1881 1942)
2(1942 2003)
2(2003 2064)
2(2064 2125)
2(2125 2186)
2(2186 2247)
2(2247 2308)
2(2308 2369)
2(2369 2430)
2(2430 2491)
2(2491 2552)
2(2552 2613)
2(2613 2674)
2(2674 2735)
2(2735 2796)
2(2796 2857)
2(2857 2918)
2(2918 2979)
2(2979 3040)
2(3040 3101)
2(3101 3162)
2(3162 3223)
2(3223 3284)
2(3284 3345)
2(3345 3406)
2(3406 3467)
2(3467 3528)
2(3528 3589)
2(3589 3650)
2(3650 3711)
2(52 113)
2(113 174)
2(174 235)
2(235 296)
2(296 357)
2(357 418)
2(418 479)
2(479 540)
2(540 601)
2(601 662)
2(662 723)
2(723 784)
2(784 845)
2(845 906)
2(906 967)
2(967 1028)
2(1028 1089)
2(1089 1150)
2(1150 1211)
2(1211 1272)
2(1272 1333)
2(1333 1394)
2(1394 1455)
2(1455 1516)
2(1516 1577)
2(1577 1638)
2(1638 1699)
2(1699 1760)
2(1760 1821)
2(1821 1882)
2(1882 1943)
2(1943 2004)
2(2004 2065)
2(2065 2126)
2(2126 2187)
2(2187 2248)
2(2248 2309)
2(2309 2370)
2(2370 2431)
2(2431 2492)
2(2492 2553)
2(2553 2614)
2(2614 2675)
2(2675 2736)
2(2736 2797)
2(2797 2858)
2(2858 2919)
2(2919 2980)
2(2980 3041)
2(3041 3102)
2(3102 3163)
2(3163 3224)
2(3224 3285)
2(3285 3346)
2(3346 3407)
2(3407 3468)
2(3468 3529)
2(3529 3590)
2(3590 3651)
2(3651 3712)
2(53 114)
2(114 175)
2(175 236)
2(236 297)
2(297 358)
2(358 419)
2(419 480)
2(480 541)
2(541 602)
2(602 663)
2(663 724)
2(724 785)
2(785 846)
2(846 907)
2(907 968)
2(968 1029)
2(1029 1090)
2(1090 1151)
2(1151 1212)
2(1212 1273)
2(1273 1334)
2(1334 1395)
2(1395 1456)
2(1456 1517)
2(1517 1578)
2(1578 1639)
2(1639 1700)
2(1700 1761)
2(1761 1822)
2(1822 1883)
2(1883 1944)
2(1944 2005)
2(2005 2066)
2(2066 2127)
2(2127 2188)
2(2188 2249)
2(2249 2310)
2(2310 2371)
2(2371 2432)
2(2432 2493)
2(2493 2554)
2(2554 2615)
2(2615 2676)
2(2676 2737)
2(2737 2798)
2(2798 2859)
2(2859 2920)
2(2920 2981)
2(2981 3042)
2(3042 3103)
2(3103 3164)
2(3164 3225)
2(3225 3286)
2(3286 3347)
2(3347 3408)
2(3408 3469)
2(3469 3530)
2(3530 3591)
2(3591 3652)
2(3652 3713)
2(54 115)
2(115 176)
2(176 237)
2(237 298)
2(298 359)
2(359 420)
2(420 481)
2(481 542)
2(542 603)
2(603 664)
2(664 725)
2(725 786)
2(786 847)
2(847 908)
2(908 969)
2(969 1030)
2(1030 1091)
2(1091 1152)
2(1152 1213)
2(1213 1274)
2(1274 1335)
2(1335 1396)
2(1396 1457)
2(1457 1518)
2(1518 1579)
2(1579 1640)
2(1640 1701)
2(1701 1762)
2(1762 1823)
2(1823 1884)
2(1884 1945)
2(1945 2006)
2(2006 2067)
2(2067 2128)
2(2128 2189)
2(2189 2250)
2(2250 2311)
2(2311 2372)
2(2372 2433)
2(2433 2494)
2(2494 2555)
2(2555 2616)
2(2616 2677)
2(2677 2738)
2(2738 2799)
2(2799 2860)
2(2860 2921)
2(2921 2982)
2(2982 3043)
2(3043 3104)
2(3104 3165)
2(3165 3226)
2(3226 3287)
2(3287 3348)
2(3348 3409)
2(3409 3470)
2(3470 3531)
2(3531 3592)
2(3592 3653)
2(3653 3714)
2(55 116)
2(116 177)
2(177 238)
2(238 299)
2(299 360)
2(360 421)
2(421 482)
2(482 543)
2(543 604)
2(604 665)
2(665 726)
2(726 787)
2(787 848)
2(848 909)
2(909 970)
2(970 1031)
2(1031 1092)
2(1092 1153)
2(1153 1214)
2(1214 1275)
2(1275 1336)
2(1336 1397)
2(1397 1458)
2(1458 1519)
2(1519 1580)
2(1580 1641)
2(1641 1702)
2(1702 1763)
2(1763 1824)
2(1824 1885)
2(1885 1946)
2(1946 2007)
2(2007 2068)
2(2068 2129)
2(2129 2190)
2(2190 2251)
2(2251 2312)
2(2312 2373)
2(2373 2434)
2(2434 2495)
2(2495 2556)
2(2556 2617)
2(2617 2678)
2(2678 2739)
2(2739 2800)
2(2800 2861)
2(2861 2922)
2(2922 2983)
2(2983 3044)
2(3044 3105)
2(3105 3166)
2(3166 3227)
2(3227 3288)
2(3288 3349)
2(3349 3410)
2(3410 3471)
2(3471 3532)
2(3532 3593)
2(3593 3654)
2(3654 3715)
2(56 117)
2(117 178)
2(178 239)
2(239 300)
2(300 361)
2(361 422)
2(422 483)
2(483 544)
2(544 605)
2(605 666)
2(666 727)
2(727 788)
2(788 849)
2(849 910)
2(910 971)
2(971 1032)
2(1032 1093)
2(1093 1154)
2(1154 1215)
2(1215 1276)
2(1276 1337)
2(1337 1398)
2(1398 1459)
2(1459 1520)
2(1520 1581)
2(1581 1642)
2(1642 1703)
2(1703 1764)
2(1764 1825)
2(1825 1886)
2(1886 1947)
2(1947 2008)
2(2008 2069)
2(2069 2130)
2(2130 2191)
2(2191 2252)
2(2252 2313)
2(2313 2374)
2(2374 2435)
2(2435 2496)
2(2496 2557)
2(2557 2618)
2(2618 2679)
2(2679 2740)
2(2740 2801)
2(2801 2862)
2(2862 2923)
2(2923 2984)
2(2984 3045)
2(3045 3106)
2(3106 3167)
2(3167 3228)
2(3228 3289)
2(3289 3350)
2(3350 3411)
2(3411 3472)
2(3472 3533)
2(3533 3594)
2(3594 3655)
2(3655 3716)
2(57 118)
2(118 179)
2(179 240)
2(240 301)
2(301 362)
2(362 423)
2(423 484)
2(484 545)
2(545 606)
2(606 667)
2(667 728)
2(728 789)
2(789 850)
2(850 911)
2(911 972)
2(972 1033)
2(1033 1094)
2(1094 1155)
2(1155 1216)
2(1216 1277)
2(1277 1338)
2(1338 1399)
2(1399 1460)
2(1460 1521)
2(1521 1582)
2(1582 1643)
2(1643 1704)
2(1704 1765)
2(1765 1826)
2(1826 1887)
2(1887 1948)
2(1948 2009)
2(2009 2070)
2(2070 2131)
2(2131 2192)
2(2192 2253)
2(2253 2314)
2(2314 2375)
2(2375 2436)
2(2436 2497)
2(2497 2558)
2(2558 2619)
2(2619 2680)
2(2680 2741)
2(2741 2802)
2(2802 2863)
2(2863 2924)
2(2924 2985)
2(2985 3046)
2(3046 3107)
2(3107 3168)
2(3168 3229)
2(3229 3290)
2(3290 3351)
2(3351 3412)
2(3412 3473)
2(3473 3534)
2(3534 3595)
2(3595 3656)
2(3656 3717)
2(58 119)
2(119 180)
2(180 241)
2(241 302)
2(302 363)
2(363 424)
2(424 485)
2(485 546)
2(546 607)
2(607 668)
2(668 729)
2(729 790)
2(790 851)
2(851 912)
2(912 973)
2(973 1034)
2(1034 1095)
2(1095 1156)
2(1156 1217)
2(1217 1278)
2(1278 1339)
2(1339 1400)
2(1400 1461)
2(1461 1522)
2(1522 1583)
2(1583 1644)
2(1644 1705)
2(1705 1766)
2(1766 1827)
2(1827 1888)
2(1888 1949)
2(1949 2010)
2(2010 2071)
2(2071 2132)
2(2132 2193)
2(2193 2254)
2(2254 2315)
2(2315 2376)
2(2376 2437)
2(2437 2498)
2(2498 2559)
2(2559 2620)
2(2620 2681)
2(2681 2742)
2(2742 2803)
2(2803 2864)
2(2864 2925)
2(2925 2986)
2(2986 3047)
2(3047 3108)
2(3108 3169)
2(3169 3230)
2(3230 3291)
2(3291 3352)
2(3352 3413)
2(3413 3474)
2(3474 3535)
2(3535 3596)
2(3596 3657)
2(3657 3718)
2(59 120)
2(120 181)
2(181 242)
2(242 303)
2(303 364)
2(364 425)
2(425 486)
2(486 547)
2(547 608)
2(608 669)
2(669 730)
2(730 791)
2(791 852)
2(852 913)
2(913 974)
2(974 1035)
2(1035 1096)
2(1096 1157)
2(1157 1218)
2(1218 1279)
2(1279 1340)
2(1340 1401)
2(1401 1462)
2(1462 1523)
2(1523 1584)
2(1584 1645)
2(1645 1706)
2(1706 1767)
2(1767 1828)
2(1828 1889)
2(1889 1950)
2(1950 2011)
2(2011 2072)
2(2072 2133)
2(2133 2194)
2(2194 2255)
2(2255 2316)
2(2316 2377)
2(2377 2438)
2(2438 2499)
2(2499 2560)
2(2560 2621)
2(2621 2682)
2(2682 2743)
2(2743 2804)
2(2804 2865)
2(2865 2926)
2(2926 2987)
2(2987 3048)
2(3048 3109)
2(3109 3170)
2(3170 3231)
2(3231 3292)
2(3292 3353)
2(3353 3414)
2(3414 3475)
2(3475 3536)
2(3536 3597)
2(3597 3658)
2(3658 3719)
2(60 121)
2(121 182)
2(182 243)
2(243 304)
2(304 365)
2(365 426)
2(426 487)
2(487 548)
2(548 609)
2(609 670)
2(670 731)
2(731 792)
2(792 853)
2(853 914)
2(914 975)
2(975 1036)
2(1036 1097)
2(1097 1158)
2(1158 1219)
2(1219 1280)
2(1280 1341)
2(1341 1402)
2(1402 1463)
2(1463 1524)
2(1524 1585)
2(1585 1646)
2(1646 1707)
2(1707 1768)
2(1768 1829)
2(1829 1890)
2(1890 1951)
2(1951 2012)
2(2012 2073)
2(2073 2134)
2(2134 2195)
2(2195 2256)
2(2256 2317)
2(2317 2378)
2(2378 2439)
2(2439 2500)
2(2500 2561)
2(2561 2622)
2(2622 2683)
2(2683 2744)
2(2744 2805)
2(2805 2866)
2(2866 2927)
2(2927 2988)
2(2988 3049)
2(3049 3110)
2(3110 3171)
2(3171 3232)
2(3232 3293)
2(3293 3354)
2(3354 3415)
2(3415 3476)
2(3476 3537)
2(3537 3598)
2(3598 3659)
2(3659 3720)
)
