3721
(
(0 0)
(0.001666666667 0)
(0.003333333333 0)
(0.005 0)
(0.006666666667 0)
(0.008333333333 0)
(0.01 0)
(0.011666666667 0)
(0.013333333333 0)
(0.015 0)
(0.016666666667 0)
(0.018333333333 0)
(0.02 0)
(0.021666666667 0)
(0.023333333333 0)
(0.025 0)
(0.026666666667 0)
(0.028333333333 0)
(0.03 0)
(0.031666666667 0)
(0.033333333333 0)
(0.035 0)
(0.036666666667 0)
(0.038333333333 0)
(0.04 0)
(0.041666666667 0)
(0.043333333333 0)
(0.045 0)
(0.046666666667 0)
(0.048333333333 0)
(0.05 0)
(0.051666666667 0)
(0.053333333333 0)
(0.055 0)
(0.056666666667 0)
(0.058333333333 0)
(0.06 0)
(0.061666666667 0)
(0.063333333333 0)
(0.065 0)
(0.066666666667 0)
(0.068333333333 0)
(0.07 0)
(0.071666666667 0)
(0.073333333333 0)
(0.075 0)
(0.076666666667 0)
(0.078333333333 0)
(0.08 0)
(0.081666666667 0)
(0.083333333333 0)
(0.085 0)
(0.086666666667 0)
(0.088333333333 0)
(0.09 0)
(0.091666666667 0)
(0.093333333333 0)
(0.095 0)
(0.096666666667 0)
(0.098333333333 0)
(0.1 0)
(0 0.001666666667)
(0.001666666667 0.001666666667)
(0.003333333333 0.001666666667)
(0.005 0.001666666667)
(0.006666666667 0.001666666667)
(0.008333333333 0.001666666667)
(0.01 0.001666666667)
(0.011666666667 0.001666666667)
(0.013333333333 0.001666666667)
(0.015 0.001666666667)
(0.016666666667 0.001666666667)
(0.018333333333 0.001666666667)
(0.02 0.001666666667)
(0.021666666667 0.001666666667)
(0.023333333333 0.001666666667)
(0.025 0.001666666667)
(0.026666666667 0.001666666667)
(0.028333333333 0.001666666667)
(0.03 0.001666666667)
(0.031666666667 0.001666666667)
(0.033333333333 0.001666666667)
(0.035 0.001666666667)
(0.036666666667 0.001666666667)
(0.038333333333 0.001666666667)
(0.04 0.001666666667)
(0.041666666667 0.001666666667)
(0.043333333333 0.001666666667)
(0.045 0.001666666667)
(0.046666666667 0.001666666667)
(0.048333333333 0.001666666667)
(0.05 0.001666666667)
(0.051666666667 0.001666666667)
(0.053333333333 0.001666666667)
(0.055 0.001666666667)
(0.056666666667 0.001666666667)
(0.058333333333 0.001666666667)
(0.06 0.001666666667)
(0.061666666667 0.001666666667)
(0.063333333333 0.001666666667)
(0.065 0.001666666667)
(0.066666666667 0.001666666667)
(0.068333333333 0.001666666667)
(0.07 0.001666666667)
(0.071666666667 0.001666666667)
(0.073333333333 0.001666666667)
(0.075 0.001666666667)
(0.076666666667 0.001666666667)
(0.078333333333 0.001666666667)
(0.08 0.001666666667)
(0.081666666667 0.001666666667)
(0.083333333333 0.001666666667)
(0.085 0.001666666667)
(0.086666666667 0.001666666667)
(0.088333333333 0.001666666667)
(0.09 0.001666666667)
(0.091666666667 0.001666666667)
(0.093333333333 0.001666666667)
(0.095 0.001666666667)
(0.096666666667 0.001666666667)
(0.098333333333 0.001666666667)
(0.1 0.001666666667)
(0 0.003333333333)
(0.001666666667 0.003333333333)
(0.003333333333 0.003333333333)
(0.005 0.003333333333)
(0.006666666667 0.003333333333)
(0.008333333333 0.003333333333)
(0.01 0.003333333333)
(0.011666666667 0.003333333333)
(0.013333333333 0.003333333333)
(0.015 0.003333333333)
(0.016666666667 0.003333333333)
(0.018333333333 0.003333333333)
(0.02 0.003333333333)
(0.021666666667 0.003333333333)
(0.023333333333 0.003333333333)
(0.025 0.003333333333)
(0.026666666667 0.003333333333)
(0.028333333333 0.003333333333)
(0.03 0.003333333333)
(0.031666666667 0.003333333333)
(0.033333333333 0.003333333333)
(0.035 0.003333333333)
(0.036666666667 0.003333333333)
(0.038333333333 0.003333333333)
(0.04 0.003333333333)
(0.041666666667 0.003333333333)
(0.043333333333 0.003333333333)
(0.045 0.003333333333)
(0.046666666667 0.003333333333)
(0.048333333333 0.003333333333)
(0.05 0.003333333333)
(0.051666666667 0.003333333333)
(0.053333333333 0.003333333333)
(0.055 0.003333333333)
(0.056666666667 0.003333333333)
(0.058333333333 0.003333333333)
(0.06 0.003333333333)
(0.061666666667 0.003333333333)
(0.063333333333 0.003333333333)
(0.065 0.003333333333)
(0.066666666667 0.003333333333)
(0.068333333333 0.003333333333)
(0.07 0.003333333333)
(0.071666666667 0.003333333333)
(0.073333333333 0.003333333333)
(0.075 0.003333333333)
(0.076666666667 0.003333333333)
(0.078333333333 0.003333333333)
(0.08 0.003333333333)
(0.081666666667 0.003333333333)
(0.083333333333 0.003333333333)
(0.085 0.003333333333)
(0.086666666667 0.003333333333)
(0.088333333333 0.003333333333)
(0.09 0.003333333333)
(0.091666666667 0.003333333333)
(0.093333333333 0.003333333333)
(0.095 0.003333333333)
(0.096666666667 0.003333333333)
(0.098333333333 0.003333333333)
(0.1 0.003333333333)
(0 0.005)
(0.001666666667 0.005)
(0.003333333333 0.005)
(0.005 0.005)
(0.006666666667 0.005)
(0.008333333333 0.005)
(0.01 0.005)
(0.011666666667 0.005)
(0.013333333333 0.005)
(0.015 0.005)
(0.016666666667 0.005)
(0.018333333333 0.005)
(0.02 0.005)
(0.021666666667 0.005)
(0.023333333333 0.005)
(0.025 0.005)
(0.026666666667 0.005)
(0.028333333333 0.005)
(0.03 0.005)
(0.031666666667 0.005)
(0.033333333333 0.005)
(0.035 0.005)
(0.036666666667 0.005)
(0.038333333333 0.005)
(0.04 0.005)
(0.041666666667 0.005)
(0.043333333333 0.005)
(0.045 0.005)
(0.046666666667 0.005)
(0.048333333333 0.005)
(0.05 0.005)
(0.051666666667 0.005)
(0.053333333333 0.005)
(0.055 0.005)
(0.056666666667 0.005)
(0.058333333333 0.005)
(0.06 0.005)
(0.061666666667 0.005)
(0.063333333333 0.005)
(0.065 0.005)
(0.066666666667 0.005)
(0.068333333333 0.005)
(0.07 0.005)
(0.071666666667 0.005)
(0.073333333333 0.005)
(0.075 0.005)
(0.076666666667 0.005)
(0.078333333333 0.005)
(0.08 0.005)
(0.081666666667 0.005)
(0.083333333333 0.005)
(0.085 0.005)
(0.086666666667 0.005)
(0.088333333333 0.005)
(0.09 0.005)
(0.091666666667 0.005)
(0.093333333333 0.005)
(0.095 0.005)
(0.096666666667 0.005)
(0.098333333333 0.005)
(0.1 0.005)
(0 0.006666666667)
(0.001666666667 0.006666666667)
(0.003333333333 0.006666666667)
(0.005 0.006666666667)
(0.006666666667 0.006666666667)
(0.008333333333 0.006666666667)
(0.01 0.006666666667)
(0.011666666667 0.006666666667)
(0.013333333333 0.006666666667)
(0.015 0.006666666667)
(0.016666666667 0.006666666667)
(0.018333333333 0.006666666667)
(0.02 0.006666666667)
(0.021666666667 0.006666666667)
(0.023333333333 0.006666666667)
(0.025 0.006666666667)
(0.026666666667 0.006666666667)
(0.028333333333 0.006666666667)
(0.03 0.006666666667)
(0.031666666667 0.006666666667)
(0.033333333333 0.006666666667)
(0.035 0.006666666667)
(0.036666666667 0.006666666667)
(0.038333333333 0.006666666667)
(0.04 0.006666666667)
(0.041666666667 0.006666666667)
(0.043333333333 0.006666666667)
(0.045 0.006666666667)
(0.046666666667 0.006666666667)
(0.048333333333 0.006666666667)
(0.05 0.006666666667)
(0.051666666667 0.006666666667)
(0.053333333333 0.006666666667)
(0.055 0.006666666667)
(0.056666666667 0.006666666667)
(0.058333333333 0.006666666667)
(0.06 0.006666666667)
(0.061666666667 0.006666666667)
(0.063333333333 0.006666666667)
(0.065 0.006666666667)
(0.066666666667 0.006666666667)
(0.068333333333 0.006666666667)
(0.07 0.006666666667)
(0.071666666667 0.006666666667)
(0.073333333333 0.006666666667)
(0.075 0.006666666667)
(0.076666666667 0.006666666667)
(0.078333333333 0.006666666667)
(0.08 0.006666666667)
(0.081666666667 0.006666666667)
(0.083333333333 0.006666666667)
(0.085 0.006666666667)
(0.086666666667 0.006666666667)
(0.088333333333 0.006666666667)
(0.09 0.006666666667)
(0.091666666667 0.006666666667)
(0.093333333333 0.006666666667)
(0.095 0.006666666667)
(0.096666666667 0.006666666667)
(0.098333333333 0.006666666667)
(0.1 0.006666666667)
(0 0.008333333333)
(0.001666666667 0.008333333333)
(0.003333333333 0.008333333333)
(0.005 0.008333333333)
(0.006666666667 0.008333333333)
(0.008333333333 0.008333333333)
(0.01 0.008333333333)
(0.011666666667 0.008333333333)
(0.013333333333 0.008333333333)
(0.015 0.008333333333)
(0.016666666667 0.008333333333)
(0.018333333333 0.008333333333)
(0.02 0.008333333333)
(0.021666666667 0.008333333333)
(0.023333333333 0.008333333333)
(0.025 0.008333333333)
(0.026666666667 0.008333333333)
(0.028333333333 0.008333333333)
(0.03 0.008333333333)
(0.031666666667 0.008333333333)
(0.033333333333 0.008333333333)
(0.035 0.008333333333)
(0.036666666667 0.008333333333)
(0.038333333333 0.008333333333)
(0.04 0.008333333333)
(0.041666666667 0.008333333333)
(0.043333333333 0.008333333333)
(0.045 0.008333333333)
(0.046666666667 0.008333333333)
(0.048333333333 0.008333333333)
(0.05 0.008333333333)
(0.051666666667 0.008333333333)
(0.053333333333 0.008333333333)
(0.055 0.008333333333)
(0.056666666667 0.008333333333)
(0.058333333333 0.008333333333)
(0.06 0.008333333333)
(0.061666666667 0.008333333333)
(0.063333333333 0.008333333333)
(0.065 0.008333333333)
(0.066666666667 0.008333333333)
(0.068333333333 0.008333333333)
(0.07 0.008333333333)
(0.071666666667 0.008333333333)
(0.073333333333 0.008333333333)
(0.075 0.008333333333)
(0.076666666667 0.008333333333)
(0.078333333333 0.008333333333)
(0.08 0.008333333333)
(0.081666666667 0.008333333333)
(0.083333333333 0.008333333333)
(0.085 0.008333333333)
(0.086666666667 0.008333333333)
(0.088333333333 0.008333333333)
(0.09 0.008333333333)
(0.091666666667 0.008333333333)
(0.093333333333 0.008333333333)
(0.095 0.008333333333)
(0.096666666667 0.008333333333)
(0.098333333333 0.008333333333)
(0.1 0.008333333333)
(0 0.01)
(0.001666666667 0.01)
(0.003333333333 0.01)
(0.005 0.01)
(0.006666666667 0.01)
(0.008333333333 0.01)
(0.01 0.01)
(0.011666666667 0.01)
(0.013333333333 0.01)
(0.015 0.01)
(0.016666666667 0.01)
(0.018333333333 0.01)
(0.02 0.01)
(0.021666666667 0.01)
(0.023333333333 0.01)
(0.025 0.01)
(0.026666666667 0.01)
(0.028333333333 0.01)
(0.03 0.01)
(0.031666666667 0.01)
(0.033333333333 0.01)
(0.035 0.01)
(0.036666666667 0.01)
(0.038333333333 0.01)
(0.04 0.01)
(0.041666666667 0.01)
(0.043333333333 0.01)
(0.045 0.01)
(0.046666666667 0.01)
(0.048333333333 0.01)
(0.05 0.01)
(0.051666666667 0.01)
(0.053333333333 0.01)
(0.055 0.01)
(0.056666666667 0.01)
(0.058333333333 0.01)
(0.06 0.01)
(0.061666666667 0.01)
(0.063333333333 0.01)
(0.065 0.01)
(0.066666666667 0.01)
(0.068333333333 0.01)
(0.07 0.01)
(0.071666666667 0.01)
(0.073333333333 0.01)
(0.075 0.01)
(0.076666666667 0.01)
(0.078333333333 0.01)
(0.08 0.01)
(0.081666666667 0.01)
(0.083333333333 0.01)
(0.085 0.01)
(0.086666666667 0.01)
(0.088333333333 0.01)
(0.09 0.01)
(0.091666666667 0.01)
(0.093333333333 0.01)
(0.095 0.01)
(0.096666666667 0.01)
(0.098333333333 0.01)
(0.1 0.01)
(0 0.011666666667)
(0.001666666667 0.011666666667)
(0.003333333333 0.011666666667)
(0.005 0.011666666667)
(0.006666666667 0.011666666667)
(0.008333333333 0.011666666667)
(0.01 0.011666666667)
(0.011666666667 0.011666666667)
(0.013333333333 0.011666666667)
(0.015 0.011666666667)
(0.016666666667 0.011666666667)
(0.018333333333 0.011666666667)
(0.02 0.011666666667)
(0.021666666667 0.011666666667)
(0.023333333333 0.011666666667)
(0.025 0.011666666667)
(0.026666666667 0.011666666667)
(0.028333333333 0.011666666667)
(0.03 0.011666666667)
(0.031666666667 0.011666666667)
(0.033333333333 0.011666666667)
(0.035 0.011666666667)
(0.036666666667 0.011666666667)
(0.038333333333 0.011666666667)
(0.04 0.011666666667)
(0.041666666667 0.011666666667)
(0.043333333333 0.011666666667)
(0.045 0.011666666667)
(0.046666666667 0.011666666667)
(0.048333333333 0.011666666667)
(0.05 0.011666666667)
(0.051666666667 0.011666666667)
(0.053333333333 0.011666666667)
(0.055 0.011666666667)
(0.056666666667 0.011666666667)
(0.058333333333 0.011666666667)
(0.06 0.011666666667)
(0.061666666667 0.011666666667)
(0.063333333333 0.011666666667)
(0.065 0.011666666667)
(0.066666666667 0.011666666667)
(0.068333333333 0.011666666667)
(0.07 0.011666666667)
(0.071666666667 0.011666666667)
(0.073333333333 0.011666666667)
(0.075 0.011666666667)
(0.076666666667 0.011666666667)
(0.078333333333 0.011666666667)
(0.08 0.011666666667)
(0.081666666667 0.011666666667)
(0.083333333333 0.011666666667)
(0.085 0.011666666667)
(0.086666666667 0.011666666667)
(0.088333333333 0.011666666667)
(0.09 0.011666666667)
(0.091666666667 0.011666666667)
(0.093333333333 0.011666666667)
(0.095 0.011666666667)
(0.096666666667 0.011666666667)
(0.098333333333 0.011666666667)
(0.1 0.011666666667)
(0 0.013333333333)
(0.001666666667 0.013333333333)
(0.003333333333 0.013333333333)
(0.005 0.013333333333)
(0.006666666667 0.013333333333)
(0.008333333333 0.013333333333)
(0.01 0.013333333333)
(0.011666666667 0.013333333333)
(0.013333333333 0.013333333333)
(0.015 0.013333333333)
(0.016666666667 0.013333333333)
(0.018333333333 0.013333333333)
(0.02 0.013333333333)
(0.021666666667 0.013333333333)
(0.023333333333 0.013333333333)
(0.025 0.013333333333)
(0.026666666667 0.013333333333)
(0.028333333333 0.013333333333)
(0.03 0.013333333333)
(0.031666666667 0.013333333333)
(0.033333333333 0.013333333333)
(0.035 0.013333333333)
(0.036666666667 0.013333333333)
(0.038333333333 0.013333333333)
(0.04 0.013333333333)
(0.041666666667 0.013333333333)
(0.043333333333 0.013333333333)
(0.045 0.013333333333)
(0.046666666667 0.013333333333)
(0.048333333333 0.013333333333)
(0.05 0.013333333333)
(0.051666666667 0.013333333333)
(0.053333333333 0.013333333333)
(0.055 0.013333333333)
(0.056666666667 0.013333333333)
(0.058333333333 0.013333333333)
(0.06 0.013333333333)
(0.061666666667 0.013333333333)
(0.063333333333 0.013333333333)
(0.065 0.013333333333)
(0.066666666667 0.013333333333)
(0.068333333333 0.013333333333)
(0.07 0.013333333333)
(0.071666666667 0.013333333333)
(0.073333333333 0.013333333333)
(0.075 0.013333333333)
(0.076666666667 0.013333333333)
(0.078333333333 0.013333333333)
(0.08 0.013333333333)
(0.081666666667 0.013333333333)
(0.083333333333 0.013333333333)
(0.085 0.013333333333)
(0.086666666667 0.013333333333)
(0.088333333333 0.013333333333)
(0.09 0.013333333333)
(0.091666666667 0.013333333333)
(0.093333333333 0.013333333333)
(0.095 0.013333333333)
(0.096666666667 0.013333333333)
(0.098333333333 0.013333333333)
(0.1 0.013333333333)
(0 0.015)
(0.001666666667 0.015)
(0.003333333333 0.015)
(0.005 0.015)
(0.006666666667 0.015)
(0.008333333333 0.015)
(0.01 0.015)
(0.011666666667 0.015)
(0.013333333333 0.015)
(0.015 0.015)
(0.016666666667 0.015)
(0.018333333333 0.015)
(0.02 0.015)
(0.021666666667 0.015)
(0.023333333333 0.015)
(0.025 0.015)
(0.026666666667 0.015)
(0.028333333333 0.015)
(0.03 0.015)
(0.031666666667 0.015)
(0.033333333333 0.015)
(0.035 0.015)
(0.036666666667 0.015)
(0.038333333333 0.015)
(0.04 0.015)
(0.041666666667 0.015)
(0.043333333333 0.015)
(0.045 0.015)
(0.046666666667 0.015)
(0.048333333333 0.015)
(0.05 0.015)
(0.051666666667 0.015)
(0.053333333333 0.015)
(0.055 0.015)
(0.056666666667 0.015)
(0.058333333333 0.015)
(0.06 0.015)
(0.061666666667 0.015)
(0.063333333333 0.015)
(0.065 0.015)
(0.066666666667 0.015)
(0.068333333333 0.015)
(0.07 0.015)
(0.071666666667 0.015)
(0.073333333333 0.015)
(0.075 0.015)
(0.076666666667 0.015)
(0.078333333333 0.015)
(0.08 0.015)
(0.081666666667 0.015)
(0.083333333333 0.015)
(0.085 0.015)
(0.086666666667 0.015)
(0.088333333333 0.015)
(0.09 0.015)
(0.091666666667 0.015)
(0.093333333333 0.015)
(0.095 0.015)
(0.096666666667 0.015)
(0.098333333333 0.015)
(0.1 0.015)
(0 0.016666666667)
(0.001666666667 0.016666666667)
(0.003333333333 0.016666666667)
(0.005 0.016666666667)
(0.006666666667 0.016666666667)
(0.008333333333 0.016666666667)
(0.01 0.016666666667)
(0.011666666667 0.016666666667)
(0.013333333333 0.016666666667)
(0.015 0.016666666667)
(0.016666666667 0.016666666667)
(0.018333333333 0.016666666667)
(0.02 0.016666666667)
(0.021666666667 0.016666666667)
(0.023333333333 0.016666666667)
(0.025 0.016666666667)
(0.026666666667 0.016666666667)
(0.028333333333 0.016666666667)
(0.03 0.016666666667)
(0.031666666667 0.016666666667)
(0.033333333333 0.016666666667)
(0.035 0.016666666667)
(0.036666666667 0.016666666667)
(0.038333333333 0.016666666667)
(0.04 0.016666666667)
(0.041666666667 0.016666666667)
(0.043333333333 0.016666666667)
(0.045 0.016666666667)
(0.046666666667 0.016666666667)
(0.048333333333 0.016666666667)
(0.05 0.016666666667)
(0.051666666667 0.016666666667)
(0.053333333333 0.016666666667)
(0.055 0.016666666667)
(0.056666666667 0.016666666667)
(0.058333333333 0.016666666667)
(0.06 0.016666666667)
(0.061666666667 0.016666666667)
(0.063333333333 0.016666666667)
(0.065 0.016666666667)
(0.066666666667 0.016666666667)
(0.068333333333 0.016666666667)
(0.07 0.016666666667)
(0.071666666667 0.016666666667)
(0.073333333333 0.016666666667)
(0.075 0.016666666667)
(0.076666666667 0.016666666667)
(0.078333333333 0.016666666667)
(0.08 0.016666666667)
(0.081666666667 0.016666666667)
(0.083333333333 0.016666666667)
(0.085 0.016666666667)
(0.086666666667 0.016666666667)
(0.088333333333 0.016666666667)
(0.09 0.016666666667)
(0.091666666667 0.016666666667)
(0.093333333333 0.016666666667)
(0.095 0.016666666667)
(0.096666666667 0.016666666667)
(0.098333333333 0.016666666667)
(0.1 0.016666666667)
(0 0.018333333333)
(0.001666666667 0.018333333333)
(0.003333333333 0.018333333333)
(0.005 0.018333333333)
(0.006666666667 0.018333333333)
(0.008333333333 0.018333333333)
(0.01 0.018333333333)
(0.011666666667 0.018333333333)
(0.013333333333 0.018333333333)
(0.015 0.018333333333)
(0.016666666667 0.018333333333)
(0.018333333333 0.018333333333)
(0.02 0.018333333333)
(0.021666666667 0.018333333333)
(0.023333333333 0.018333333333)
(0.025 0.018333333333)
(0.026666666667 0.018333333333)
(0.028333333333 0.018333333333)
(0.03 0.018333333333)
(0.031666666667 0.018333333333)
(0.033333333333 0.018333333333)
(0.035 0.018333333333)
(0.036666666667 0.018333333333)
(0.038333333333 0.018333333333)
(0.04 0.018333333333)
(0.041666666667 0.018333333333)
(0.043333333333 0.018333333333)
(0.045 0.018333333333)
(0.046666666667 0.018333333333)
(0.048333333333 0.018333333333)
(0.05 0.018333333333)
(0.051666666667 0.018333333333)
(0.053333333333 0.018333333333)
(0.055 0.018333333333)
(0.056666666667 0.018333333333)
(0.058333333333 0.018333333333)
(0.06 0.018333333333)
(0.061666666667 0.018333333333)
(0.063333333333 0.018333333333)
(0.065 0.018333333333)
(0.066666666667 0.018333333333)
(0.068333333333 0.018333333333)
(0.07 0.018333333333)
(0.071666666667 0.018333333333)
(0.073333333333 0.018333333333)
(0.075 0.018333333333)
(0.076666666667 0.018333333333)
(0.078333333333 0.018333333333)
(0.08 0.018333333333)
(0.081666666667 0.018333333333)
(0.083333333333 0.018333333333)
(0.085 0.018333333333)
(0.086666666667 0.018333333333)
(0.088333333333 0.018333333333)
(0.09 0.018333333333)
(0.091666666667 0.018333333333)
(0.093333333333 0.018333333333)
(0.095 0.018333333333)
(0.096666666667 0.018333333333)
(0.098333333333 0.018333333333)
(0.1 0.018333333333)
(0 0.02)
(0.001666666667 0.02)
(0.003333333333 0.02)
(0.005 0.02)
(0.006666666667 0.02)
(0.008333333333 0.02)
(0.01 0.02)
(0.011666666667 0.02)
(0.013333333333 0.02)
(0.015 0.02)
(0.016666666667 0.02)
(0.018333333333 0.02)
(0.02 0.02)
(0.021666666667 0.02)
(0.023333333333 0.02)
(0.025 0.02)
(0.026666666667 0.02)
(0.028333333333 0.02)
(0.03 0.02)
(0.031666666667 0.02)
(0.033333333333 0.02)
(0.035 0.02)
(0.036666666667 0.02)
(0.038333333333 0.02)
(0.04 0.02)
(0.041666666667 0.02)
(0.043333333333 0.02)
(0.045 0.02)
(0.046666666667 0.02)
(0.048333333333 0.02)
(0.05 0.02)
(0.051666666667 0.02)
(0.053333333333 0.02)
(0.055 0.02)
(0.056666666667 0.02)
(0.058333333333 0.02)
(0.06 0.02)
(0.061666666667 0.02)
(0.063333333333 0.02)
(0.065 0.02)
(0.066666666667 0.02)
(0.068333333333 0.02)
(0.07 0.02)
(0.071666666667 0.02)
(0.073333333333 0.02)
(0.075 0.02)
(0.076666666667 0.02)
(0.078333333333 0.02)
(0.08 0.02)
(0.081666666667 0.02)
(0.083333333333 0.02)
(0.085 0.02)
(0.086666666667 0.02)
(0.088333333333 0.02)
(0.09 0.02)
(0.091666666667 0.02)
(0.093333333333 0.02)
(0.095 0.02)
(0.096666666667 0.02)
(0.098333333333 0.02)
(0.1 0.02)
(0 0.021666666667)
(0.001666666667 0.021666666667)
(0.003333333333 0.021666666667)
(0.005 0.021666666667)
(0.006666666667 0.021666666667)
(0.008333333333 0.021666666667)
(0.01 0.021666666667)
(0.011666666667 0.021666666667)
(0.013333333333 0.021666666667)
(0.015 0.021666666667)
(0.016666666667 0.021666666667)
(0.018333333333 0.021666666667)
(0.02 0.021666666667)
(0.021666666667 0.021666666667)
(0.023333333333 0.021666666667)
(0.025 0.021666666667)
(0.026666666667 0.021666666667)
(0.028333333333 0.021666666667)
(0.03 0.021666666667)
(0.031666666667 0.021666666667)
(0.033333333333 0.021666666667)
(0.035 0.021666666667)
(0.036666666667 0.021666666667)
(0.038333333333 0.021666666667)
(0.04 0.021666666667)
(0.041666666667 0.021666666667)
(0.043333333333 0.021666666667)
(0.045 0.021666666667)
(0.046666666667 0.021666666667)
(0.048333333333 0.021666666667)
(0.05 0.021666666667)
(0.051666666667 0.021666666667)
(0.053333333333 0.021666666667)
(0.055 0.021666666667)
(0.056666666667 0.021666666667)
(0.058333333333 0.021666666667)
(0.06 0.021666666667)
(0.061666666667 0.021666666667)
(0.063333333333 0.021666666667)
(0.065 0.021666666667)
(0.066666666667 0.021666666667)
(0.068333333333 0.021666666667)
(0.07 0.021666666667)
(0.071666666667 0.021666666667)
(0.073333333333 0.021666666667)
(0.075 0.021666666667)
(0.076666666667 0.021666666667)
(0.078333333333 0.021666666667)
(0.08 0.021666666667)
(0.081666666667 0.021666666667)
(0.083333333333 0.021666666667)
(0.085 0.021666666667)
(0.086666666667 0.021666666667)
(0.088333333333 0.021666666667)
(0.09 0.021666666667)
(0.091666666667 0.021666666667)
(0.093333333333 0.021666666667)
(0.095 0.021666666667)
(0.096666666667 0.021666666667)
(0.098333333333 0.021666666667)
(0.1 0.021666666667)
(0 0.023333333333)
(0.001666666667 0.023333333333)
(0.003333333333 0.023333333333)
(0.005 0.023333333333)
(0.006666666667 0.023333333333)
(0.008333333333 0.023333333333)
(0.01 0.023333333333)
(0.011666666667 0.023333333333)
(0.013333333333 0.023333333333)
(0.015 0.023333333333)
(0.016666666667 0.023333333333)
(0.018333333333 0.023333333333)
(0.02 0.023333333333)
(0.021666666667 0.023333333333)
(0.023333333333 0.023333333333)
(0.025 0.023333333333)
(0.026666666667 0.023333333333)
(0.028333333333 0.023333333333)
(0.03 0.023333333333)
(0.031666666667 0.023333333333)
(0.033333333333 0.023333333333)
(0.035 0.023333333333)
(0.036666666667 0.023333333333)
(0.038333333333 0.023333333333)
(0.04 0.023333333333)
(0.041666666667 0.023333333333)
(0.043333333333 0.023333333333)
(0.045 0.023333333333)
(0.046666666667 0.023333333333)
(0.048333333333 0.023333333333)
(0.05 0.023333333333)
(0.051666666667 0.023333333333)
(0.053333333333 0.023333333333)
(0.055 0.023333333333)
(0.056666666667 0.023333333333)
(0.058333333333 0.023333333333)
(0.06 0.023333333333)
(0.061666666667 0.023333333333)
(0.063333333333 0.023333333333)
(0.065 0.023333333333)
(0.066666666667 0.023333333333)
(0.068333333333 0.023333333333)
(0.07 0.023333333333)
(0.071666666667 0.023333333333)
(0.073333333333 0.023333333333)
(0.075 0.023333333333)
(0.076666666667 0.023333333333)
(0.078333333333 0.023333333333)
(0.08 0.023333333333)
(0.081666666667 0.023333333333)
(0.083333333333 0.023333333333)
(0.085 0.023333333333)
(0.086666666667 0.023333333333)
(0.088333333333 0.023333333333)
(0.09 0.023333333333)
(0.091666666667 0.023333333333)
(0.093333333333 0.023333333333)
(0.095 0.023333333333)
(0.096666666667 0.023333333333)
(0.098333333333 0.023333333333)
(0.1 0.023333333333)
(0 0.025)
(0.001666666667 0.025)
(0.003333333333 0.025)
(0.005 0.025)
(0.006666666667 0.025)
(0.008333333333 0.025)
(0.01 0.025)
(0.011666666667 0.025)
(0.013333333333 0.025)
(0.015 0.025)
(0.016666666667 0.025)
(0.018333333333 0.025)
(0.02 0.025)
(0.021666666667 0.025)
(0.023333333333 0.025)
(0.025 0.025)
(0.026666666667 0.025)
(0.028333333333 0.025)
(0.03 0.025)
(0.031666666667 0.025)
(0.033333333333 0.025)
(0.035 0.025)
(0.036666666667 0.025)
(0.038333333333 0.025)
(0.04 0.025)
(0.041666666667 0.025)
(0.043333333333 0.025)
(0.045 0.025)
(0.046666666667 0.025)
(0.048333333333 0.025)
(0.05 0.025)
(0.051666666667 0.025)
(0.053333333333 0.025)
(0.055 0.025)
(0.056666666667 0.025)
(0.058333333333 0.025)
(0.06 0.025)
(0.061666666667 0.025)
(0.063333333333 0.025)
(0.065 0.025)
(0.066666666667 0.025)
(0.068333333333 0.025)
(0.07 0.025)
(0.071666666667 0.025)
(0.073333333333 0.025)
(0.075 0.025)
(0.076666666667 0.025)
(0.078333333333 0.025)
(0.08 0.025)
(0.081666666667 0.025)
(0.083333333333 0.025)
(0.085 0.025)
(0.086666666667 0.025)
(0.088333333333 0.025)
(0.09 0.025)
(0.091666666667 0.025)
(0.093333333333 0.025)
(0.095 0.025)
(0.096666666667 0.025)
(0.098333333333 0.025)
(0.1 0.025)
(0 0.026666666667)
(0.001666666667 0.026666666667)
(0.003333333333 0.026666666667)
(0.005 0.026666666667)
(0.006666666667 0.026666666667)
(0.008333333333 0.026666666667)
(0.01 0.026666666667)
(0.011666666667 0.026666666667)
(0.013333333333 0.026666666667)
(0.015 0.026666666667)
(0.016666666667 0.026666666667)
(0.018333333333 0.026666666667)
(0.02 0.026666666667)
(0.021666666667 0.026666666667)
(0.023333333333 0.026666666667)
(0.025 0.026666666667)
(0.026666666667 0.026666666667)
(0.028333333333 0.026666666667)
(0.03 0.026666666667)
(0.031666666667 0.026666666667)
(0.033333333333 0.026666666667)
(0.035 0.026666666667)
(0.036666666667 0.026666666667)
(0.038333333333 0.026666666667)
(0.04 0.026666666667)
(0.041666666667 0.026666666667)
(0.043333333333 0.026666666667)
(0.045 0.026666666667)
(0.046666666667 0.026666666667)
(0.048333333333 0.026666666667)
(0.05 0.026666666667)
(0.051666666667 0.026666666667)
(0.053333333333 0.026666666667)
(0.055 0.026666666667)
(0.056666666667 0.026666666667)
(0.058333333333 0.026666666667)
(0.06 0.026666666667)
(0.061666666667 0.026666666667)
(0.063333333333 0.026666666667)
(0.065 0.026666666667)
(0.066666666667 0.026666666667)
(0.068333333333 0.026666666667)
(0.07 0.026666666667)
(0.071666666667 0.026666666667)
(0.073333333333 0.026666666667)
(0.075 0.026666666667)
(0.076666666667 0.026666666667)
(0.078333333333 0.026666666667)
(0.08 0.026666666667)
(0.081666666667 0.026666666667)
(0.083333333333 0.026666666667)
(0.085 0.026666666667)
(0.086666666667 0.026666666667)
(0.088333333333 0.026666666667)
(0.09 0.026666666667)
(0.091666666667 0.026666666667)
(0.093333333333 0.026666666667)
(0.095 0.026666666667)
(0.096666666667 0.026666666667)
(0.098333333333 0.026666666667)
(0.1 0.026666666667)
(0 0.028333333333)
(0.001666666667 0.028333333333)
(0.003333333333 0.028333333333)
(0.005 0.028333333333)
(0.006666666667 0.028333333333)
(0.008333333333 0.028333333333)
(0.01 0.028333333333)
(0.011666666667 0.028333333333)
(0.013333333333 0.028333333333)
(0.015 0.028333333333)
(0.016666666667 0.028333333333)
(0.018333333333 0.028333333333)
(0.02 0.028333333333)
(0.021666666667 0.028333333333)
(0.023333333333 0.028333333333)
(0.025 0.028333333333)
(0.026666666667 0.028333333333)
(0.028333333333 0.028333333333)
(0.03 0.028333333333)
(0.031666666667 0.028333333333)
(0.033333333333 0.028333333333)
(0.035 0.028333333333)
(0.036666666667 0.028333333333)
(0.038333333333 0.028333333333)
(0.04 0.028333333333)
(0.041666666667 0.028333333333)
(0.043333333333 0.028333333333)
(0.045 0.028333333333)
(0.046666666667 0.028333333333)
(0.048333333333 0.028333333333)
(0.05 0.028333333333)
(0.051666666667 0.028333333333)
(0.053333333333 0.028333333333)
(0.055 0.028333333333)
(0.056666666667 0.028333333333)
(0.058333333333 0.028333333333)
(0.06 0.028333333333)
(0.061666666667 0.028333333333)
(0.063333333333 0.028333333333)
(0.065 0.028333333333)
(0.066666666667 0.028333333333)
(0.068333333333 0.028333333333)
(0.07 0.028333333333)
(0.071666666667 0.028333333333)
(0.073333333333 0.028333333333)
(0.075 0.028333333333)
(0.076666666667 0.028333333333)
(0.078333333333 0.028333333333)
(0.08 0.028333333333)
(0.081666666667 0.028333333333)
(0.083333333333 0.028333333333)
(0.085 0.028333333333)
(0.086666666667 0.028333333333)
(0.088333333333 0.028333333333)
(0.09 0.028333333333)
(0.091666666667 0.028333333333)
(0.093333333333 0.028333333333)
(0.095 0.028333333333)
(0.096666666667 0.028333333333)
(0.098333333333 0.028333333333)
(0.1 0.028333333333)
(0 0.03)
(0.001666666667 0.03)
(0.003333333333 0.03)
(0.005 0.03)
(0.006666666667 0.03)
(0.008333333333 0.03)
(0.01 0.03)
(0.011666666667 0.03)
(0.013333333333 0.03)
(0.015 0.03)
(0.016666666667 0.03)
(0.018333333333 0.03)
(0.02 0.03)
(0.021666666667 0.03)
(0.023333333333 0.03)
(0.025 0.03)
(0.026666666667 0.03)
(0.028333333333 0.03)
(0.03 0.03)
(0.031666666667 0.03)
(0.033333333333 0.03)
(0.035 0.03)
(0.036666666667 0.03)
(0.038333333333 0.03)
(0.04 0.03)
(0.041666666667 0.03)
(0.043333333333 0.03)
(0.045 0.03)
(0.046666666667 0.03)
(0.048333333333 0.03)
(0.05 0.03)
(0.051666666667 0.03)
(0.053333333333 0.03)
(0.055 0.03)
(0.056666666667 0.03)
(0.058333333333 0.03)
(0.06 0.03)
(0.061666666667 0.03)
(0.063333333333 0.03)
(0.065 0.03)
(0.066666666667 0.03)
(0.068333333333 0.03)
(0.07 0.03)
(0.071666666667 0.03)
(0.073333333333 0.03)
(0.075 0.03)
(0.076666666667 0.03)
(0.078333333333 0.03)
(0.08 0.03)
(0.081666666667 0.03)
(0.083333333333 0.03)
(0.085 0.03)
(0.086666666667 0.03)
(0.088333333333 0.03)
(0.09 0.03)
(0.091666666667 0.03)
(0.093333333333 0.03)
(0.095 0.03)
(0.096666666667 0.03)
(0.098333333333 0.03)
(0.1 0.03)
(0 0.031666666667)
(0.001666666667 0.031666666667)
(0.003333333333 0.031666666667)
(0.005 0.031666666667)
(0.006666666667 0.031666666667)
(0.008333333333 0.031666666667)
(0.01 0.031666666667)
(0.011666666667 0.031666666667)
(0.013333333333 0.031666666667)
(0.015 0.031666666667)
(0.016666666667 0.031666666667)
(0.018333333333 0.031666666667)
(0.02 0.031666666667)
(0.021666666667 0.031666666667)
(0.023333333333 0.031666666667)
(0.025 0.031666666667)
(0.026666666667 0.031666666667)
(0.028333333333 0.031666666667)
(0.03 0.031666666667)
(0.031666666667 0.031666666667)
(0.033333333333 0.031666666667)
(0.035 0.031666666667)
(0.036666666667 0.031666666667)
(0.038333333333 0.031666666667)
(0.04 0.031666666667)
(0.041666666667 0.031666666667)
(0.043333333333 0.031666666667)
(0.045 0.031666666667)
(0.046666666667 0.031666666667)
(0.048333333333 0.031666666667)
(0.05 0.031666666667)
(0.051666666667 0.031666666667)
(0.053333333333 0.031666666667)
(0.055 0.031666666667)
(0.056666666667 0.031666666667)
(0.058333333333 0.031666666667)
(0.06 0.031666666667)
(0.061666666667 0.031666666667)
(0.063333333333 0.031666666667)
(0.065 0.031666666667)
(0.066666666667 0.031666666667)
(0.068333333333 0.031666666667)
(0.07 0.031666666667)
(0.071666666667 0.031666666667)
(0.073333333333 0.031666666667)
(0.075 0.031666666667)
(0.076666666667 0.031666666667)
(0.078333333333 0.031666666667)
(0.08 0.031666666667)
(0.081666666667 0.031666666667)
(0.083333333333 0.031666666667)
(0.085 0.031666666667)
(0.086666666667 0.031666666667)
(0.088333333333 0.031666666667)
(0.09 0.031666666667)
(0.091666666667 0.031666666667)
(0.093333333333 0.031666666667)
(0.095 0.031666666667)
(0.096666666667 0.031666666667)
(0.098333333333 0.031666666667)
(0.1 0.031666666667)
(0 0.033333333333)
(0.001666666667 0.033333333333)
(0.003333333333 0.033333333333)
(0.005 0.033333333333)
(0.006666666667 0.033333333333)
(0.008333333333 0.033333333333)
(0.01 0.033333333333)
(0.011666666667 0.033333333333)
(0.013333333333 0.033333333333)
(0.015 0.033333333333)
(0.016666666667 0.033333333333)
(0.018333333333 0.033333333333)
(0.02 0.033333333333)
(0.021666666667 0.033333333333)
(0.023333333333 0.033333333333)
(0.025 0.033333333333)
(0.026666666667 0.033333333333)
(0.028333333333 0.033333333333)
(0.03 0.033333333333)
(0.031666666667 0.033333333333)
(0.033333333333 0.033333333333)
(0.035 0.033333333333)
(0.036666666667 0.033333333333)
(0.038333333333 0.033333333333)
(0.04 0.033333333333)
(0.041666666667 0.033333333333)
(0.043333333333 0.033333333333)
(0.045 0.033333333333)
(0.046666666667 0.033333333333)
(0.048333333333 0.033333333333)
(0.05 0.033333333333)
(0.051666666667 0.033333333333)
(0.053333333333 0.033333333333)
(0.055 0.033333333333)
(0.056666666667 0.033333333333)
(0.058333333333 0.033333333333)
(0.06 0.033333333333)
(0.061666666667 0.033333333333)
(0.063333333333 0.033333333333)
(0.065 0.033333333333)
(0.066666666667 0.033333333333)
(0.068333333333 0.033333333333)
(0.07 0.033333333333)
(0.071666666667 0.033333333333)
(0.073333333333 0.033333333333)
(0.075 0.033333333333)
(0.076666666667 0.033333333333)
(0.078333333333 0.033333333333)
(0.08 0.033333333333)
(0.081666666667 0.033333333333)
(0.083333333333 0.033333333333)
(0.085 0.033333333333)
(0.086666666667 0.033333333333)
(0.088333333333 0.033333333333)
(0.09 0.033333333333)
(0.091666666667 0.033333333333)
(0.093333333333 0.033333333333)
(0.095 0.033333333333)
(0.096666666667 0.033333333333)
(0.098333333333 0.033333333333)
(0.1 0.033333333333)
(0 0.035)
(0.001666666667 0.035)
(0.003333333333 0.035)
(0.005 0.035)
(0.006666666667 0.035)
(0.008333333333 0.035)
(0.01 0.035)
(0.011666666667 0.035)
(0.013333333333 0.035)
(0.015 0.035)
(0.016666666667 0.035)
(0.018333333333 0.035)
(0.02 0.035)
(0.021666666667 0.035)
(0.023333333333 0.035)
(0.025 0.035)
(0.026666666667 0.035)
(0.028333333333 0.035)
(0.03 0.035)
(0.031666666667 0.035)
(0.033333333333 0.035)
(0.035 0.035)
(0.036666666667 0.035)
(0.038333333333 0.035)
(0.04 0.035)
(0.041666666667 0.035)
(0.043333333333 0.035)
(0.045 0.035)
(0.046666666667 0.035)
(0.048333333333 0.035)
(0.05 0.035)
(0.051666666667 0.035)
(0.053333333333 0.035)
(0.055 0.035)
(0.056666666667 0.035)
(0.058333333333 0.035)
(0.06 0.035)
(0.061666666667 0.035)
(0.063333333333 0.035)
(0.065 0.035)
(0.066666666667 0.035)
(0.068333333333 0.035)
(0.07 0.035)
(0.071666666667 0.035)
(0.073333333333 0.035)
(0.075 0.035)
(0.076666666667 0.035)
(0.078333333333 0.035)
(0.08 0.035)
(0.081666666667 0.035)
(0.083333333333 0.035)
(0.085 0.035)
(0.086666666667 0.035)
(0.088333333333 0.035)
(0.09 0.035)
(0.091666666667 0.035)
(0.093333333333 0.035)
(0.095 0.035)
(0.096666666667 0.035)
(0.098333333333 0.035)
(0.1 0.035)
(0 0.036666666667)
(0.001666666667 0.036666666667)
(0.003333333333 0.036666666667)
(0.005 0.036666666667)
(0.006666666667 0.036666666667)
(0.008333333333 0.036666666667)
(0.01 0.036666666667)
(0.011666666667 0.036666666667)
(0.013333333333 0.036666666667)
(0.015 0.036666666667)
(0.016666666667 0.036666666667)
(0.018333333333 0.036666666667)
(0.02 0.036666666667)
(0.021666666667 0.036666666667)
(0.023333333333 0.036666666667)
(0.025 0.036666666667)
(0.026666666667 0.036666666667)
(0.028333333333 0.036666666667)
(0.03 0.036666666667)
(0.031666666667 0.036666666667)
(0.033333333333 0.036666666667)
(0.035 0.036666666667)
(0.036666666667 0.036666666667)
(0.038333333333 0.036666666667)
(0.04 0.036666666667)
(0.041666666667 0.036666666667)
(0.043333333333 0.036666666667)
(0.045 0.036666666667)
(0.046666666667 0.036666666667)
(0.048333333333 0.036666666667)
(0.05 0.036666666667)
(0.051666666667 0.036666666667)
(0.053333333333 0.036666666667)
(0.055 0.036666666667)
(0.056666666667 0.036666666667)
(0.058333333333 0.036666666667)
(0.06 0.036666666667)
(0.061666666667 0.036666666667)
(0.063333333333 0.036666666667)
(0.065 0.036666666667)
(0.066666666667 0.036666666667)
(0.068333333333 0.036666666667)
(0.07 0.036666666667)
(0.071666666667 0.036666666667)
(0.073333333333 0.036666666667)
(0.075 0.036666666667)
(0.076666666667 0.036666666667)
(0.078333333333 0.036666666667)
(0.08 0.036666666667)
(0.081666666667 0.036666666667)
(0.083333333333 0.036666666667)
(0.085 0.036666666667)
(0.086666666667 0.036666666667)
(0.088333333333 0.036666666667)
(0.09 0.036666666667)
(0.091666666667 0.036666666667)
(0.093333333333 0.036666666667)
(0.095 0.036666666667)
(0.096666666667 0.036666666667)
(0.098333333333 0.036666666667)
(0.1 0.036666666667)
(0 0.038333333333)
(0.001666666667 0.038333333333)
(0.003333333333 0.038333333333)
(0.005 0.038333333333)
(0.006666666667 0.038333333333)
(0.008333333333 0.038333333333)
(0.01 0.038333333333)
(0.011666666667 0.038333333333)
(0.013333333333 0.038333333333)
(0.015 0.038333333333)
(0.016666666667 0.038333333333)
(0.018333333333 0.038333333333)
(0.02 0.038333333333)
(0.021666666667 0.038333333333)
(0.023333333333 0.038333333333)
(0.025 0.038333333333)
(0.026666666667 0.038333333333)
(0.028333333333 0.038333333333)
(0.03 0.038333333333)
(0.031666666667 0.038333333333)
(0.033333333333 0.038333333333)
(0.035 0.038333333333)
(0.036666666667 0.038333333333)
(0.038333333333 0.038333333333)
(0.04 0.038333333333)
(0.041666666667 0.038333333333)
(0.043333333333 0.038333333333)
(0.045 0.038333333333)
(0.046666666667 0.038333333333)
(0.048333333333 0.038333333333)
(0.05 0.038333333333)
(0.051666666667 0.038333333333)
(0.053333333333 0.038333333333)
(0.055 0.038333333333)
(0.056666666667 0.038333333333)
(0.058333333333 0.038333333333)
(0.06 0.038333333333)
(0.061666666667 0.038333333333)
(0.063333333333 0.038333333333)
(0.065 0.038333333333)
(0.066666666667 0.038333333333)
(0.068333333333 0.038333333333)
(0.07 0.038333333333)
(0.071666666667 0.038333333333)
(0.073333333333 0.038333333333)
(0.075 0.038333333333)
(0.076666666667 0.038333333333)
(0.078333333333 0.038333333333)
(0.08 0.038333333333)
(0.081666666667 0.038333333333)
(0.083333333333 0.038333333333)
(0.085 0.038333333333)
(0.086666666667 0.038333333333)
(0.088333333333 0.038333333333)
(0.09 0.038333333333)
(0.091666666667 0.038333333333)
(0.093333333333 0.038333333333)
(0.095 0.038333333333)
(0.096666666667 0.038333333333)
(0.098333333333 0.038333333333)
(0.1 0.038333333333)
(0 0.04)
(0.001666666667 0.04)
(0.003333333333 0.04)
(0.005 0.04)
(0.006666666667 0.04)
(0.008333333333 0.04)
(0.01 0.04)
(0.011666666667 0.04)
(0.013333333333 0.04)
(0.015 0.04)
(0.016666666667 0.04)
(0.018333333333 0.04)
(0.02 0.04)
(0.021666666667 0.04)
(0.023333333333 0.04)
(0.025 0.04)
(0.026666666667 0.04)
(0.028333333333 0.04)
(0.03 0.04)
(0.031666666667 0.04)
(0.033333333333 0.04)
(0.035 0.04)
(0.036666666667 0.04)
(0.038333333333 0.04)
(0.04 0.04)
(0.041666666667 0.04)
(0.043333333333 0.04)
(0.045 0.04)
(0.046666666667 0.04)
(0.048333333333 0.04)
(0.05 0.04)
(0.051666666667 0.04)
(0.053333333333 0.04)
(0.055 0.04)
(0.056666666667 0.04)
(0.058333333333 0.04)
(0.06 0.04)
(0.061666666667 0.04)
(0.063333333333 0.04)
(0.065 0.04)
(0.066666666667 0.04)
(0.068333333333 0.04)
(0.07 0.04)
(0.071666666667 0.04)
(0.073333333333 0.04)
(0.075 0.04)
(0.076666666667 0.04)
(0.078333333333 0.04)
(0.08 0.04)
(0.081666666667 0.04)
(0.083333333333 0.04)
(0.085 0.04)
(0.086666666667 0.04)
(0.088333333333 0.04)
(0.09 0.04)
(0.091666666667 0.04)
(0.093333333333 0.04)
(0.095 0.04)
(0.096666666667 0.04)
(0.098333333333 0.04)
(0.1 0.04)
(0 0.041666666667)
(0.001666666667 0.041666666667)
(0.003333333333 0.041666666667)
(0.005 0.041666666667)
(0.006666666667 0.041666666667)
(0.008333333333 0.041666666667)
(0.01 0.041666666667)
(0.011666666667 0.041666666667)
(0.013333333333 0.041666666667)
(0.015 0.041666666667)
(0.016666666667 0.041666666667)
(0.018333333333 0.041666666667)
(0.02 0.041666666667)
(0.021666666667 0.041666666667)
(0.023333333333 0.041666666667)
(0.025 0.041666666667)
(0.026666666667 0.041666666667)
(0.028333333333 0.041666666667)
(0.03 0.041666666667)
(0.031666666667 0.041666666667)
(0.033333333333 0.041666666667)
(0.035 0.041666666667)
(0.036666666667 0.041666666667)
(0.038333333333 0.041666666667)
(0.04 0.041666666667)
(0.041666666667 0.041666666667)
(0.043333333333 0.041666666667)
(0.045 0.041666666667)
(0.046666666667 0.041666666667)
(0.048333333333 0.041666666667)
(0.05 0.041666666667)
(0.051666666667 0.041666666667)
(0.053333333333 0.041666666667)
(0.055 0.041666666667)
(0.056666666667 0.041666666667)
(0.058333333333 0.041666666667)
(0.06 0.041666666667)
(0.061666666667 0.041666666667)
(0.063333333333 0.041666666667)
(0.065 0.041666666667)
(0.066666666667 0.041666666667)
(0.068333333333 0.041666666667)
(0.07 0.041666666667)
(0.071666666667 0.041666666667)
(0.073333333333 0.041666666667)
(0.075 0.041666666667)
(0.076666666667 0.041666666667)
(0.078333333333 0.041666666667)
(0.08 0.041666666667)
(0.081666666667 0.041666666667)
(0.083333333333 0.041666666667)
(0.085 0.041666666667)
(0.086666666667 0.041666666667)
(0.088333333333 0.041666666667)
(0.09 0.041666666667)
(0.091666666667 0.041666666667)
(0.093333333333 0.041666666667)
(0.095 0.041666666667)
(0.096666666667 0.041666666667)
(0.098333333333 0.041666666667)
(0.1 0.041666666667)
(0 0.043333333333)
(0.001666666667 0.043333333333)
(0.003333333333 0.043333333333)
(0.005 0.043333333333)
(0.006666666667 0.043333333333)
(0.008333333333 0.043333333333)
(0.01 0.043333333333)
(0.011666666667 0.043333333333)
(0.013333333333 0.043333333333)
(0.015 0.043333333333)
(0.016666666667 0.043333333333)
(0.018333333333 0.043333333333)
(0.02 0.043333333333)
(0.021666666667 0.043333333333)
(0.023333333333 0.043333333333)
(0.025 0.043333333333)
(0.026666666667 0.043333333333)
(0.028333333333 0.043333333333)
(0.03 0.043333333333)
(0.031666666667 0.043333333333)
(0.033333333333 0.043333333333)
(0.035 0.043333333333)
(0.036666666667 0.043333333333)
(0.038333333333 0.043333333333)
(0.04 0.043333333333)
(0.041666666667 0.043333333333)
(0.043333333333 0.043333333333)
(0.045 0.043333333333)
(0.046666666667 0.043333333333)
(0.048333333333 0.043333333333)
(0.05 0.043333333333)
(0.051666666667 0.043333333333)
(0.053333333333 0.043333333333)
(0.055 0.043333333333)
(0.056666666667 0.043333333333)
(0.058333333333 0.043333333333)
(0.06 0.043333333333)
(0.061666666667 0.043333333333)
(0.063333333333 0.043333333333)
(0.065 0.043333333333)
(0.066666666667 0.043333333333)
(0.068333333333 0.043333333333)
(0.07 0.043333333333)
(0.071666666667 0.043333333333)
(0.073333333333 0.043333333333)
(0.075 0.043333333333)
(0.076666666667 0.043333333333)
(0.078333333333 0.043333333333)
(0.08 0.043333333333)
(0.081666666667 0.043333333333)
(0.083333333333 0.043333333333)
(0.085 0.043333333333)
(0.086666666667 0.043333333333)
(0.088333333333 0.043333333333)
(0.09 0.043333333333)
(0.091666666667 0.043333333333)
(0.093333333333 0.043333333333)
(0.095 0.043333333333)
(0.096666666667 0.043333333333)
(0.098333333333 0.043333333333)
(0.1 0.043333333333)
(0 0.045)
(0.001666666667 0.045)
(0.003333333333 0.045)
(0.005 0.045)
(0.006666666667 0.045)
(0.008333333333 0.045)
(0.01 0.045)
(0.011666666667 0.045)
(0.013333333333 0.045)
(0.015 0.045)
(0.016666666667 0.045)
(0.018333333333 0.045)
(0.02 0.045)
(0.021666666667 0.045)
(0.023333333333 0.045)
(0.025 0.045)
(0.026666666667 0.045)
(0.028333333333 0.045)
(0.03 0.045)
(0.031666666667 0.045)
(0.033333333333 0.045)
(0.035 0.045)
(0.036666666667 0.045)
(0.038333333333 0.045)
(0.04 0.045)
(0.041666666667 0.045)
(0.043333333333 0.045)
(0.045 0.045)
(0.046666666667 0.045)
(0.048333333333 0.045)
(0.05 0.045)
(0.051666666667 0.045)
(0.053333333333 0.045)
(0.055 0.045)
(0.056666666667 0.045)
(0.058333333333 0.045)
(0.06 0.045)
(0.061666666667 0.045)
(0.063333333333 0.045)
(0.065 0.045)
(0.066666666667 0.045)
(0.068333333333 0.045)
(0.07 0.045)
(0.071666666667 0.045)
(0.073333333333 0.045)
(0.075 0.045)
(0.076666666667 0.045)
(0.078333333333 0.045)
(0.08 0.045)
(0.081666666667 0.045)
(0.083333333333 0.045)
(0.085 0.045)
(0.086666666667 0.045)
(0.088333333333 0.045)
(0.09 0.045)
(0.091666666667 0.045)
(0.093333333333 0.045)
(0.095 0.045)
(0.096666666667 0.045)
(0.098333333333 0.045)
(0.1 0.045)
(0 0.046666666667)
(0.001666666667 0.046666666667)
(0.003333333333 0.046666666667)
(0.005 0.046666666667)
(0.006666666667 0.046666666667)
(0.008333333333 0.046666666667)
(0.01 0.046666666667)
(0.011666666667 0.046666666667)
(0.013333333333 0.046666666667)
(0.015 0.046666666667)
(0.016666666667 0.046666666667)
(0.018333333333 0.046666666667)
(0.02 0.046666666667)
(0.021666666667 0.046666666667)
(0.023333333333 0.046666666667)
(0.025 0.046666666667)
(0.026666666667 0.046666666667)
(0.028333333333 0.046666666667)
(0.03 0.046666666667)
(0.031666666667 0.046666666667)
(0.033333333333 0.046666666667)
(0.035 0.046666666667)
(0.036666666667 0.046666666667)
(0.038333333333 0.046666666667)
(0.04 0.046666666667)
(0.041666666667 0.046666666667)
(0.043333333333 0.046666666667)
(0.045 0.046666666667)
(0.046666666667 0.046666666667)
(0.048333333333 0.046666666667)
(0.05 0.046666666667)
(0.051666666667 0.046666666667)
(0.053333333333 0.046666666667)
(0.055 0.046666666667)
(0.056666666667 0.046666666667)
(0.058333333333 0.046666666667)
(0.06 0.046666666667)
(0.061666666667 0.046666666667)
(0.063333333333 0.046666666667)
(0.065 0.046666666667)
(0.066666666667 0.046666666667)
(0.068333333333 0.046666666667)
(0.07 0.046666666667)
(0.071666666667 0.046666666667)
(0.073333333333 0.046666666667)
(0.075 0.046666666667)
(0.076666666667 0.046666666667)
(0.078333333333 0.046666666667)
(0.08 0.046666666667)
(0.081666666667 0.046666666667)
(0.083333333333 0.046666666667)
(0.085 0.046666666667)
(0.086666666667 0.046666666667)
(0.088333333333 0.046666666667)
(0.09 0.046666666667)
(0.091666666667 0.046666666667)
(0.093333333333 0.046666666667)
(0.095 0.046666666667)
(0.096666666667 0.046666666667)
(0.098333333333 0.046666666667)
(0.1 0.046666666667)
(0 0.048333333333)
(0.001666666667 0.048333333333)
(0.003333333333 0.048333333333)
(0.005 0.048333333333)
(0.006666666667 0.048333333333)
(0.008333333333 0.048333333333)
(0.01 0.048333333333)
(0.011666666667 0.048333333333)
(0.013333333333 0.048333333333)
(0.015 0.048333333333)
(0.016666666667 0.048333333333)
(0.018333333333 0.048333333333)
(0.02 0.048333333333)
(0.021666666667 0.048333333333)
(0.023333333333 0.048333333333)
(0.025 0.048333333333)
(0.026666666667 0.048333333333)
(0.028333333333 0.048333333333)
(0.03 0.048333333333)
(0.031666666667 0.048333333333)
(0.033333333333 0.048333333333)
(0.035 0.048333333333)
(0.036666666667 0.048333333333)
(0.038333333333 0.048333333333)
(0.04 0.048333333333)
(0.041666666667 0.048333333333)
(0.043333333333 0.048333333333)
(0.045 0.048333333333)
(0.046666666667 0.048333333333)
(0.048333333333 0.048333333333)
(0.05 0.048333333333)
(0.051666666667 0.048333333333)
(0.053333333333 0.048333333333)
(0.055 0.048333333333)
(0.056666666667 0.048333333333)
(0.058333333333 0.048333333333)
(0.06 0.048333333333)
(0.061666666667 0.048333333333)
(0.063333333333 0.048333333333)
(0.065 0.048333333333)
(0.066666666667 0.048333333333)
(0.068333333333 0.048333333333)
(0.07 0.048333333333)
(0.071666666667 0.048333333333)
(0.073333333333 0.048333333333)
(0.075 0.048333333333)
(0.076666666667 0.048333333333)
(0.078333333333 0.048333333333)
(0.08 0.048333333333)
(0.081666666667 0.048333333333)
(0.083333333333 0.048333333333)
(0.085 0.048333333333)
(0.086666666667 0.048333333333)
(0.088333333333 0.048333333333)
(0.09 0.048333333333)
(0.091666666667 0.048333333333)
(0.093333333333 0.048333333333)
(0.095 0.048333333333)
(0.096666666667 0.048333333333)
(0.098333333333 0.048333333333)
(0.1 0.048333333333)
(0 0.05)
(0.001666666667 0.05)
(0.003333333333 0.05)
(0.005 0.05)
(0.006666666667 0.05)
(0.008333333333 0.05)
(0.01 0.05)
(0.011666666667 0.05)
(0.013333333333 0.05)
(0.015 0.05)
(0.016666666667 0.05)
(0.018333333333 0.05)
(0.02 0.05)
(0.021666666667 0.05)
(0.023333333333 0.05)
(0.025 0.05)
(0.026666666667 0.05)
(0.028333333333 0.05)
(0.03 0.05)
(0.031666666667 0.05)
(0.033333333333 0.05)
(0.035 0.05)
(0.036666666667 0.05)
(0.038333333333 0.05)
(0.04 0.05)
(0.041666666667 0.05)
(0.043333333333 0.05)
(0.045 0.05)
(0.046666666667 0.05)
(0.048333333333 0.05)
(0.05 0.05)
(0.051666666667 0.05)
(0.053333333333 0.05)
(0.055 0.05)
(0.056666666667 0.05)
(0.058333333333 0.05)
(0.06 0.05)
(0.061666666667 0.05)
(0.063333333333 0.05)
(0.065 0.05)
(0.066666666667 0.05)
(0.068333333333 0.05)
(0.07 0.05)
(0.071666666667 0.05)
(0.073333333333 0.05)
(0.075 0.05)
(0.076666666667 0.05)
(0.078333333333 0.05)
(0.08 0.05)
(0.081666666667 0.05)
(0.083333333333 0.05)
(0.085 0.05)
(0.086666666667 0.05)
(0.088333333333 0.05)
(0.09 0.05)
(0.091666666667 0.05)
(0.093333333333 0.05)
(0.095 0.05)
(0.096666666667 0.05)
(0.098333333333 0.05)
(0.1 0.05)
(0 0.051666666667)
(0.001666666667 0.051666666667)
(0.003333333333 0.051666666667)
(0.005 0.051666666667)
(0.006666666667 0.051666666667)
(0.008333333333 0.051666666667)
(0.01 0.051666666667)
(0.011666666667 0.051666666667)
(0.013333333333 0.051666666667)
(0.015 0.051666666667)
(0.016666666667 0.051666666667)
(0.018333333333 0.051666666667)
(0.02 0.051666666667)
(0.021666666667 0.051666666667)
(0.023333333333 0.051666666667)
(0.025 0.051666666667)
(0.026666666667 0.051666666667)
(0.028333333333 0.051666666667)
(0.03 0.051666666667)
(0.031666666667 0.051666666667)
(0.033333333333 0.051666666667)
(0.035 0.051666666667)
(0.036666666667 0.051666666667)
(0.038333333333 0.051666666667)
(0.04 0.051666666667)
(0.041666666667 0.051666666667)
(0.043333333333 0.051666666667)
(0.045 0.051666666667)
(0.046666666667 0.051666666667)
(0.048333333333 0.051666666667)
(0.05 0.051666666667)
(0.051666666667 0.051666666667)
(0.053333333333 0.051666666667)
(0.055 0.051666666667)
(0.056666666667 0.051666666667)
(0.058333333333 0.051666666667)
(0.06 0.051666666667)
(0.061666666667 0.051666666667)
(0.063333333333 0.051666666667)
(0.065 0.051666666667)
(0.066666666667 0.051666666667)
(0.068333333333 0.051666666667)
(0.07 0.051666666667)
(0.071666666667 0.051666666667)
(0.073333333333 0.051666666667)
(0.075 0.051666666667)
(0.076666666667 0.051666666667)
(0.078333333333 0.051666666667)
(0.08 0.051666666667)
(0.081666666667 0.051666666667)
(0.083333333333 0.051666666667)
(0.085 0.051666666667)
(0.086666666667 0.051666666667)
(0.088333333333 0.051666666667)
(0.09 0.051666666667)
(0.091666666667 0.051666666667)
(0.093333333333 0.051666666667)
(0.095 0.051666666667)
(0.096666666667 0.051666666667)
(0.098333333333 0.051666666667)
(0.1 0.051666666667)
(0 0.053333333333)
(0.001666666667 0.053333333333)
(0.003333333333 0.053333333333)
(0.005 0.053333333333)
(0.006666666667 0.053333333333)
(0.008333333333 0.053333333333)
(0.01 0.053333333333)
(0.011666666667 0.053333333333)
(0.013333333333 0.053333333333)
(0.015 0.053333333333)
(0.016666666667 0.053333333333)
(0.018333333333 0.053333333333)
(0.02 0.053333333333)
(0.021666666667 0.053333333333)
(0.023333333333 0.053333333333)
(0.025 0.053333333333)
(0.026666666667 0.053333333333)
(0.028333333333 0.053333333333)
(0.03 0.053333333333)
(0.031666666667 0.053333333333)
(0.033333333333 0.053333333333)
(0.035 0.053333333333)
(0.036666666667 0.053333333333)
(0.038333333333 0.053333333333)
(0.04 0.053333333333)
(0.041666666667 0.053333333333)
(0.043333333333 0.053333333333)
(0.045 0.053333333333)
(0.046666666667 0.053333333333)
(0.048333333333 0.053333333333)
(0.05 0.053333333333)
(0.051666666667 0.053333333333)
(0.053333333333 0.053333333333)
(0.055 0.053333333333)
(0.056666666667 0.053333333333)
(0.058333333333 0.053333333333)
(0.06 0.053333333333)
(0.061666666667 0.053333333333)
(0.063333333333 0.053333333333)
(0.065 0.053333333333)
(0.066666666667 0.053333333333)
(0.068333333333 0.053333333333)
(0.07 0.053333333333)
(0.071666666667 0.053333333333)
(0.073333333333 0.053333333333)
(0.075 0.053333333333)
(0.076666666667 0.053333333333)
(0.078333333333 0.053333333333)
(0.08 0.053333333333)
(0.081666666667 0.053333333333)
(0.083333333333 0.053333333333)
(0.085 0.053333333333)
(0.086666666667 0.053333333333)
(0.088333333333 0.053333333333)
(0.09 0.053333333333)
(0.091666666667 0.053333333333)
(0.093333333333 0.053333333333)
(0.095 0.053333333333)
(0.096666666667 0.053333333333)
(0.098333333333 0.053333333333)
(0.1 0.053333333333)
(0 0.055)
(0.001666666667 0.055)
(0.003333333333 0.055)
(0.005 0.055)
(0.006666666667 0.055)
(0.008333333333 0.055)
(0.01 0.055)
(0.011666666667 0.055)
(0.013333333333 0.055)
(0.015 0.055)
(0.016666666667 0.055)
(0.018333333333 0.055)
(0.02 0.055)
(0.021666666667 0.055)
(0.023333333333 0.055)
(0.025 0.055)
(0.026666666667 0.055)
(0.028333333333 0.055)
(0.03 0.055)
(0.031666666667 0.055)
(0.033333333333 0.055)
(0.035 0.055)
(0.036666666667 0.055)
(0.038333333333 0.055)
(0.04 0.055)
(0.041666666667 0.055)
(0.043333333333 0.055)
(0.045 0.055)
(0.046666666667 0.055)
(0.048333333333 0.055)
(0.05 0.055)
(0.051666666667 0.055)
(0.053333333333 0.055)
(0.055 0.055)
(0.056666666667 0.055)
(0.058333333333 0.055)
(0.06 0.055)
(0.061666666667 0.055)
(0.063333333333 0.055)
(0.065 0.055)
(0.066666666667 0.055)
(0.068333333333 0.055)
(0.07 0.055)
(0.071666666667 0.055)
(0.073333333333 0.055)
(0.075 0.055)
(0.076666666667 0.055)
(0.078333333333 0.055)
(0.08 0.055)
(0.081666666667 0.055)
(0.083333333333 0.055)
(0.085 0.055)
(0.086666666667 0.055)
(0.088333333333 0.055)
(0.09 0.055)
(0.091666666667 0.055)
(0.093333333333 0.055)
(0.095 0.055)
(0.096666666667 0.055)
(0.098333333333 0.055)
(0.1 0.055)
(0 0.056666666667)
(0.001666666667 0.056666666667)
(0.003333333333 0.056666666667)
(0.005 0.056666666667)
(0.006666666667 0.056666666667)
(0.008333333333 0.056666666667)
(0.01 0.056666666667)
(0.011666666667 0.056666666667)
(0.013333333333 0.056666666667)
(0.015 0.056666666667)
(0.016666666667 0.056666666667)
(0.018333333333 0.056666666667)
(0.02 0.056666666667)
(0.021666666667 0.056666666667)
(0.023333333333 0.056666666667)
(0.025 0.056666666667)
(0.026666666667 0.056666666667)
(0.028333333333 0.056666666667)
(0.03 0.056666666667)
(0.031666666667 0.056666666667)
(0.033333333333 0.056666666667)
(0.035 0.056666666667)
(0.036666666667 0.056666666667)
(0.038333333333 0.056666666667)
(0.04 0.056666666667)
(0.041666666667 0.056666666667)
(0.043333333333 0.056666666667)
(0.045 0.056666666667)
(0.046666666667 0.056666666667)
(0.048333333333 0.056666666667)
(0.05 0.056666666667)
(0.051666666667 0.056666666667)
(0.053333333333 0.056666666667)
(0.055 0.056666666667)
(0.056666666667 0.056666666667)
(0.058333333333 0.056666666667)
(0.06 0.056666666667)
(0.061666666667 0.056666666667)
(0.063333333333 0.056666666667)
(0.065 0.056666666667)
(0.066666666667 0.056666666667)
(0.068333333333 0.056666666667)
(0.07 0.056666666667)
(0.071666666667 0.056666666667)
(0.073333333333 0.056666666667)
(0.075 0.056666666667)
(0.076666666667 0.056666666667)
(0.078333333333 0.056666666667)
(0.08 0.056666666667)
(0.081666666667 0.056666666667)
(0.083333333333 0.056666666667)
(0.085 0.056666666667)
(0.086666666667 0.056666666667)
(0.088333333333 0.056666666667)
(0.09 0.056666666667)
(0.091666666667 0.056666666667)
(0.093333333333 0.056666666667)
(0.095 0.056666666667)
(0.096666666667 0.056666666667)
(0.098333333333 0.056666666667)
(0.1 0.056666666667)
(0 0.058333333333)
(0.001666666667 0.058333333333)
(0.003333333333 0.058333333333)
(0.005 0.058333333333)
(0.006666666667 0.058333333333)
(0.008333333333 0.058333333333)
(0.01 0.058333333333)
(0.011666666667 0.058333333333)
(0.013333333333 0.058333333333)
(0.015 0.058333333333)
(0.016666666667 0.058333333333)
(0.018333333333 0.058333333333)
(0.02 0.058333333333)
(0.021666666667 0.058333333333)
(0.023333333333 0.058333333333)
(0.025 0.058333333333)
(0.026666666667 0.058333333333)
(0.028333333333 0.058333333333)
(0.03 0.058333333333)
(0.031666666667 0.058333333333)
(0.033333333333 0.058333333333)
(0.035 0.058333333333)
(0.036666666667 0.058333333333)
(0.038333333333 0.058333333333)
(0.04 0.058333333333)
(0.041666666667 0.058333333333)
(0.043333333333 0.058333333333)
(0.045 0.058333333333)
(0.046666666667 0.058333333333)
(0.048333333333 0.058333333333)
(0.05 0.058333333333)
(0.051666666667 0.058333333333)
(0.053333333333 0.058333333333)
(0.055 0.058333333333)
(0.056666666667 0.058333333333)
(0.058333333333 0.058333333333)
(0.06 0.058333333333)
(0.061666666667 0.058333333333)
(0.063333333333 0.058333333333)
(0.065 0.058333333333)
(0.066666666667 0.058333333333)
(0.068333333333 0.058333333333)
(0.07 0.058333333333)
(0.071666666667 0.058333333333)
(0.073333333333 0.058333333333)
(0.075 0.058333333333)
(0.076666666667 0.058333333333)
(0.078333333333 0.058333333333)
(0.08 0.058333333333)
(0.081666666667 0.058333333333)
(0.083333333333 0.058333333333)
(0.085 0.058333333333)
(0.086666666667 0.058333333333)
(0.088333333333 0.058333333333)
(0.09 0.058333333333)
(0.091666666667 0.058333333333)
(0.093333333333 0.058333333333)
(0.095 0.058333333333)
(0.096666666667 0.058333333333)
(0.098333333333 0.058333333333)
(0.1 0.058333333333)
(0 0.06)
(0.001666666667 0.06)
(0.003333333333 0.06)
(0.005 0.06)
(0.006666666667 0.06)
(0.008333333333 0.06)
(0.01 0.06)
(0.011666666667 0.06)
(0.013333333333 0.06)
(0.015 0.06)
(0.016666666667 0.06)
(0.018333333333 0.06)
(0.02 0.06)
(0.021666666667 0.06)
(0.023333333333 0.06)
(0.025 0.06)
(0.026666666667 0.06)
(0.028333333333 0.06)
(0.03 0.06)
(0.031666666667 0.06)
(0.033333333333 0.06)
(0.035 0.06)
(0.036666666667 0.06)
(0.038333333333 0.06)
(0.04 0.06)
(0.041666666667 0.06)
(0.043333333333 0.06)
(0.045 0.06)
(0.046666666667 0.06)
(0.048333333333 0.06)
(0.05 0.06)
(0.051666666667 0.06)
(0.053333333333 0.06)
(0.055 0.06)
(0.056666666667 0.06)
(0.058333333333 0.06)
(0.06 0.06)
(0.061666666667 0.06)
(0.063333333333 0.06)
(0.065 0.06)
(0.066666666667 0.06)
(0.068333333333 0.06)
(0.07 0.06)
(0.071666666667 0.06)
(0.073333333333 0.06)
(0.075 0.06)
(0.076666666667 0.06)
(0.078333333333 0.06)
(0.08 0.06)
(0.081666666667 0.06)
(0.083333333333 0.06)
(0.085 0.06)
(0.086666666667 0.06)
(0.088333333333 0.06)
(0.09 0.06)
(0.091666666667 0.06)
(0.093333333333 0.06)
(0.095 0.06)
(0.096666666667 0.06)
(0.098333333333 0.06)
(0.1 0.06)
(0 0.061666666667)
(0.001666666667 0.061666666667)
(0.003333333333 0.061666666667)
(0.005 0.061666666667)
(0.006666666667 0.061666666667)
(0.008333333333 0.061666666667)
(0.01 0.061666666667)
(0.011666666667 0.061666666667)
(0.013333333333 0.061666666667)
(0.015 0.061666666667)
(0.016666666667 0.061666666667)
(0.018333333333 0.061666666667)
(0.02 0.061666666667)
(0.021666666667 0.061666666667)
(0.023333333333 0.061666666667)
(0.025 0.061666666667)
(0.026666666667 0.061666666667)
(0.028333333333 0.061666666667)
(0.03 0.061666666667)
(0.031666666667 0.061666666667)
(0.033333333333 0.061666666667)
(0.035 0.061666666667)
(0.036666666667 0.061666666667)
(0.038333333333 0.061666666667)
(0.04 0.061666666667)
(0.041666666667 0.061666666667)
(0.043333333333 0.061666666667)
(0.045 0.061666666667)
(0.046666666667 0.061666666667)
(0.048333333333 0.061666666667)
(0.05 0.061666666667)
(0.051666666667 0.061666666667)
(0.053333333333 0.061666666667)
(0.055 0.061666666667)
(0.056666666667 0.061666666667)
(0.058333333333 0.061666666667)
(0.06 0.061666666667)
(0.061666666667 0.061666666667)
(0.063333333333 0.061666666667)
(0.065 0.061666666667)
(0.066666666667 0.061666666667)
(0.068333333333 0.061666666667)
(0.07 0.061666666667)
(0.071666666667 0.061666666667)
(0.073333333333 0.061666666667)
(0.075 0.061666666667)
(0.076666666667 0.061666666667)
(0.078333333333 0.061666666667)
(0.08 0.061666666667)
(0.081666666667 0.061666666667)
(0.083333333333 0.061666666667)
(0.085 0.061666666667)
(0.086666666667 0.061666666667)
(0.088333333333 0.061666666667)
(0.09 0.061666666667)
(0.091666666667 0.061666666667)
(0.093333333333 0.061666666667)
(0.095 0.061666666667)
(0.096666666667 0.061666666667)
(0.098333333333 0.061666666667)
(0.1 0.061666666667)
(0 0.063333333333)
(0.001666666667 0.063333333333)
(0.003333333333 0.063333333333)
(0.005 0.063333333333)
(0.006666666667 0.063333333333)
(0.008333333333 0.063333333333)
(0.01 0.063333333333)
(0.011666666667 0.063333333333)
(0.013333333333 0.063333333333)
(0.015 0.063333333333)
(0.016666666667 0.063333333333)
(0.018333333333 0.063333333333)
(0.02 0.063333333333)
(0.021666666667 0.063333333333)
(0.023333333333 0.063333333333)
(0.025 0.063333333333)
(0.026666666667 0.063333333333)
(0.028333333333 0.063333333333)
(0.03 0.063333333333)
(0.031666666667 0.063333333333)
(0.033333333333 0.063333333333)
(0.035 0.063333333333)
(0.036666666667 0.063333333333)
(0.038333333333 0.063333333333)
(0.04 0.063333333333)
(0.041666666667 0.063333333333)
(0.043333333333 0.063333333333)
(0.045 0.063333333333)
(0.046666666667 0.063333333333)
(0.048333333333 0.063333333333)
(0.05 0.063333333333)
(0.051666666667 0.063333333333)
(0.053333333333 0.063333333333)
(0.055 0.063333333333)
(0.056666666667 0.063333333333)
(0.058333333333 0.063333333333)
(0.06 0.063333333333)
(0.061666666667 0.063333333333)
(0.063333333333 0.063333333333)
(0.065 0.063333333333)
(0.066666666667 0.063333333333)
(0.068333333333 0.063333333333)
(0.07 0.063333333333)
(0.071666666667 0.063333333333)
(0.073333333333 0.063333333333)
(0.075 0.063333333333)
(0.076666666667 0.063333333333)
(0.078333333333 0.063333333333)
(0.08 0.063333333333)
(0.081666666667 0.063333333333)
(0.083333333333 0.063333333333)
(0.085 0.063333333333)
(0.086666666667 0.063333333333)
(0.088333333333 0.063333333333)
(0.09 0.063333333333)
(0.091666666667 0.063333333333)
(0.093333333333 0.063333333333)
(0.095 0.063333333333)
(0.096666666667 0.063333333333)
(0.098333333333 0.063333333333)
(0.1 0.063333333333)
(0 0.065)
(0.001666666667 0.065)
(0.003333333333 0.065)
(0.005 0.065)
(0.006666666667 0.065)
(0.008333333333 0.065)
(0.01 0.065)
(0.011666666667 0.065)
(0.013333333333 0.065)
(0.015 0.065)
(0.016666666667 0.065)
(0.018333333333 0.065)
(0.02 0.065)
(0.021666666667 0.065)
(0.023333333333 0.065)
(0.025 0.065)
(0.026666666667 0.065)
(0.028333333333 0.065)
(0.03 0.065)
(0.031666666667 0.065)
(0.033333333333 0.065)
(0.035 0.065)
(0.036666666667 0.065)
(0.038333333333 0.065)
(0.04 0.065)
(0.041666666667 0.065)
(0.043333333333 0.065)
(0.045 0.065)
(0.046666666667 0.065)
(0.048333333333 0.065)
(0.05 0.065)
(0.051666666667 0.065)
(0.053333333333 0.065)
(0.055 0.065)
(0.056666666667 0.065)
(0.058333333333 0.065)
(0.06 0.065)
(0.061666666667 0.065)
(0.063333333333 0.065)
(0.065 0.065)
(0.066666666667 0.065)
(0.068333333333 0.065)
(0.07 0.065)
(0.071666666667 0.065)
(0.073333333333 0.065)
(0.075 0.065)
(0.076666666667 0.065)
(0.078333333333 0.065)
(0.08 0.065)
(0.081666666667 0.065)
(0.083333333333 0.065)
(0.085 0.065)
(0.086666666667 0.065)
(0.088333333333 0.065)
(0.09 0.065)
(0.091666666667 0.065)
(0.093333333333 0.065)
(0.095 0.065)
(0.096666666667 0.065)
(0.098333333333 0.065)
(0.1 0.065)
(0 0.066666666667)
(0.001666666667 0.066666666667)
(0.003333333333 0.066666666667)
(0.005 0.066666666667)
(0.006666666667 0.066666666667)
(0.008333333333 0.066666666667)
(0.01 0.066666666667)
(0.011666666667 0.066666666667)
(0.013333333333 0.066666666667)
(0.015 0.066666666667)
(0.016666666667 0.066666666667)
(0.018333333333 0.066666666667)
(0.02 0.066666666667)
(0.021666666667 0.066666666667)
(0.023333333333 0.066666666667)
(0.025 0.066666666667)
(0.026666666667 0.066666666667)
(0.028333333333 0.066666666667)
(0.03 0.066666666667)
(0.031666666667 0.066666666667)
(0.033333333333 0.066666666667)
(0.035 0.066666666667)
(0.036666666667 0.066666666667)
(0.038333333333 0.066666666667)
(0.04 0.066666666667)
(0.041666666667 0.066666666667)
(0.043333333333 0.066666666667)
(0.045 0.066666666667)
(0.046666666667 0.066666666667)
(0.048333333333 0.066666666667)
(0.05 0.066666666667)
(0.051666666667 0.066666666667)
(0.053333333333 0.066666666667)
(0.055 0.066666666667)
(0.056666666667 0.066666666667)
(0.058333333333 0.066666666667)
(0.06 0.066666666667)
(0.061666666667 0.066666666667)
(0.063333333333 0.066666666667)
(0.065 0.066666666667)
(0.066666666667 0.066666666667)
(0.068333333333 0.066666666667)
(0.07 0.066666666667)
(0.071666666667 0.066666666667)
(0.073333333333 0.066666666667)
(0.075 0.066666666667)
(0.076666666667 0.066666666667)
(0.078333333333 0.066666666667)
(0.08 0.066666666667)
(0.081666666667 0.066666666667)
(0.083333333333 0.066666666667)
(0.085 0.066666666667)
(0.086666666667 0.066666666667)
(0.088333333333 0.066666666667)
(0.09 0.066666666667)
(0.091666666667 0.066666666667)
(0.093333333333 0.066666666667)
(0.095 0.066666666667)
(0.096666666667 0.066666666667)
(0.098333333333 0.066666666667)
(0.1 0.066666666667)
(0 0.068333333333)
(0.001666666667 0.068333333333)
(0.003333333333 0.068333333333)
(0.005 0.068333333333)
(0.006666666667 0.068333333333)
(0.008333333333 0.068333333333)
(0.01 0.068333333333)
(0.011666666667 0.068333333333)
(0.013333333333 0.068333333333)
(0.015 0.068333333333)
(0.016666666667 0.068333333333)
(0.018333333333 0.068333333333)
(0.02 0.068333333333)
(0.021666666667 0.068333333333)
(0.023333333333 0.068333333333)
(0.025 0.068333333333)
(0.026666666667 0.068333333333)
(0.028333333333 0.068333333333)
(0.03 0.068333333333)
(0.031666666667 0.068333333333)
(0.033333333333 0.068333333333)
(0.035 0.068333333333)
(0.036666666667 0.068333333333)
(0.038333333333 0.068333333333)
(0.04 0.068333333333)
(0.041666666667 0.068333333333)
(0.043333333333 0.068333333333)
(0.045 0.068333333333)
(0.046666666667 0.068333333333)
(0.048333333333 0.068333333333)
(0.05 0.068333333333)
(0.051666666667 0.068333333333)
(0.053333333333 0.068333333333)
(0.055 0.068333333333)
(0.056666666667 0.068333333333)
(0.058333333333 0.068333333333)
(0.06 0.068333333333)
(0.061666666667 0.068333333333)
(0.063333333333 0.068333333333)
(0.065 0.068333333333)
(0.066666666667 0.068333333333)
(0.068333333333 0.068333333333)
(0.07 0.068333333333)
(0.071666666667 0.068333333333)
(0.073333333333 0.068333333333)
(0.075 0.068333333333)
(0.076666666667 0.068333333333)
(0.078333333333 0.068333333333)
(0.08 0.068333333333)
(0.081666666667 0.068333333333)
(0.083333333333 0.068333333333)
(0.085 0.068333333333)
(0.086666666667 0.068333333333)
(0.088333333333 0.068333333333)
(0.09 0.068333333333)
(0.091666666667 0.068333333333)
(0.093333333333 0.068333333333)
(0.095 0.068333333333)
(0.096666666667 0.068333333333)
(0.098333333333 0.068333333333)
(0.1 0.068333333333)
(0 0.07)
(0.001666666667 0.07)
(0.003333333333 0.07)
(0.005 0.07)
(0.006666666667 0.07)
(0.008333333333 0.07)
(0.01 0.07)
(0.011666666667 0.07)
(0.013333333333 0.07)
(0.015 0.07)
(0.016666666667 0.07)
(0.018333333333 0.07)
(0.02 0.07)
(0.021666666667 0.07)
(0.023333333333 0.07)
(0.025 0.07)
(0.026666666667 0.07)
(0.028333333333 0.07)
(0.03 0.07)
(0.031666666667 0.07)
(0.033333333333 0.07)
(0.035 0.07)
(0.036666666667 0.07)
(0.038333333333 0.07)
(0.04 0.07)
(0.041666666667 0.07)
(0.043333333333 0.07)
(0.045 0.07)
(0.046666666667 0.07)
(0.048333333333 0.07)
(0.05 0.07)
(0.051666666667 0.07)
(0.053333333333 0.07)
(0.055 0.07)
(0.056666666667 0.07)
(0.058333333333 0.07)
(0.06 0.07)
(0.061666666667 0.07)
(0.063333333333 0.07)
(0.065 0.07)
(0.066666666667 0.07)
(0.068333333333 0.07)
(0.07 0.07)
(0.071666666667 0.07)
(0.073333333333 0.07)
(0.075 0.07)
(0.076666666667 0.07)
(0.078333333333 0.07)
(0.08 0.07)
(0.081666666667 0.07)
(0.083333333333 0.07)
(0.085 0.07)
(0.086666666667 0.07)
(0.088333333333 0.07)
(0.09 0.07)
(0.091666666667 0.07)
(0.093333333333 0.07)
(0.095 0.07)
(0.096666666667 0.07)
(0.098333333333 0.07)
(0.1 0.07)
(0 0.071666666667)
(0.001666666667 0.071666666667)
(0.003333333333 0.071666666667)
(0.005 0.071666666667)
(0.006666666667 0.071666666667)
(0.008333333333 0.071666666667)
(0.01 0.071666666667)
(0.011666666667 0.071666666667)
(0.013333333333 0.071666666667)
(0.015 0.071666666667)
(0.016666666667 0.071666666667)
(0.018333333333 0.071666666667)
(0.02 0.071666666667)
(0.021666666667 0.071666666667)
(0.023333333333 0.071666666667)
(0.025 0.071666666667)
(0.026666666667 0.071666666667)
(0.028333333333 0.071666666667)
(0.03 0.071666666667)
(0.031666666667 0.071666666667)
(0.033333333333 0.071666666667)
(0.035 0.071666666667)
(0.036666666667 0.071666666667)
(0.038333333333 0.071666666667)
(0.04 0.071666666667)
(0.041666666667 0.071666666667)
(0.043333333333 0.071666666667)
(0.045 0.071666666667)
(0.046666666667 0.071666666667)
(0.048333333333 0.071666666667)
(0.05 0.071666666667)
(0.051666666667 0.071666666667)
(0.053333333333 0.071666666667)
(0.055 0.071666666667)
(0.056666666667 0.071666666667)
(0.058333333333 0.071666666667)
(0.06 0.071666666667)
(0.061666666667 0.071666666667)
(0.063333333333 0.071666666667)
(0.065 0.071666666667)
(0.066666666667 0.071666666667)
(0.068333333333 0.071666666667)
(0.07 0.071666666667)
(0.071666666667 0.071666666667)
(0.073333333333 0.071666666667)
(0.075 0.071666666667)
(0.076666666667 0.071666666667)
(0.078333333333 0.071666666667)
(0.08 0.071666666667)
(0.081666666667 0.071666666667)
(0.083333333333 0.071666666667)
(0.085 0.071666666667)
(0.086666666667 0.071666666667)
(0.088333333333 0.071666666667)
(0.09 0.071666666667)
(0.091666666667 0.071666666667)
(0.093333333333 0.071666666667)
(0.095 0.071666666667)
(0.096666666667 0.071666666667)
(0.098333333333 0.071666666667)
(0.1 0.071666666667)
(0 0.073333333333)
(0.001666666667 0.073333333333)
(0.003333333333 0.073333333333)
(0.005 0.073333333333)
(0.006666666667 0.073333333333)
(0.008333333333 0.073333333333)
(0.01 0.073333333333)
(0.011666666667 0.073333333333)
(0.013333333333 0.073333333333)
(0.015 0.073333333333)
(0.016666666667 0.073333333333)
(0.018333333333 0.073333333333)
(0.02 0.073333333333)
(0.021666666667 0.073333333333)
(0.023333333333 0.073333333333)
(0.025 0.073333333333)
(0.026666666667 0.073333333333)
(0.028333333333 0.073333333333)
(0.03 0.073333333333)
(0.031666666667 0.073333333333)
(0.033333333333 0.073333333333)
(0.035 0.073333333333)
(0.036666666667 0.073333333333)
(0.038333333333 0.073333333333)
(0.04 0.073333333333)
(0.041666666667 0.073333333333)
(0.043333333333 0.073333333333)
(0.045 0.073333333333)
(0.046666666667 0.073333333333)
(0.048333333333 0.073333333333)
(0.05 0.073333333333)
(0.051666666667 0.073333333333)
(0.053333333333 0.073333333333)
(0.055 0.073333333333)
(0.056666666667 0.073333333333)
(0.058333333333 0.073333333333)
(0.06 0.073333333333)
(0.061666666667 0.073333333333)
(0.063333333333 0.073333333333)
(0.065 0.073333333333)
(0.066666666667 0.073333333333)
(0.068333333333 0.073333333333)
(0.07 0.073333333333)
(0.071666666667 0.073333333333)
(0.073333333333 0.073333333333)
(0.075 0.073333333333)
(0.076666666667 0.073333333333)
(0.078333333333 0.073333333333)
(0.08 0.073333333333)
(0.081666666667 0.073333333333)
(0.083333333333 0.073333333333)
(0.085 0.073333333333)
(0.086666666667 0.073333333333)
(0.088333333333 0.073333333333)
(0.09 0.073333333333)
(0.091666666667 0.073333333333)
(0.093333333333 0.073333333333)
(0.095 0.073333333333)
(0.096666666667 0.073333333333)
(0.098333333333 0.073333333333)
(0.1 0.073333333333)
(0 0.075)
(0.001666666667 0.075)
(0.003333333333 0.075)
(0.005 0.075)
(0.006666666667 0.075)
(0.008333333333 0.075)
(0.01 0.075)
(0.011666666667 0.075)
(0.013333333333 0.075)
(0.015 0.075)
(0.016666666667 0.075)
(0.018333333333 0.075)
(0.02 0.075)
(0.021666666667 0.075)
(0.023333333333 0.075)
(0.025 0.075)
(0.026666666667 0.075)
(0.028333333333 0.075)
(0.03 0.075)
(0.031666666667 0.075)
(0.033333333333 0.075)
(0.035 0.075)
(0.036666666667 0.075)
(0.038333333333 0.075)
(0.04 0.075)
(0.041666666667 0.075)
(0.043333333333 0.075)
(0.045 0.075)
(0.046666666667 0.075)
(0.048333333333 0.075)
(0.05 0.075)
(0.051666666667 0.075)
(0.053333333333 0.075)
(0.055 0.075)
(0.056666666667 0.075)
(0.058333333333 0.075)
(0.06 0.075)
(0.061666666667 0.075)
(0.063333333333 0.075)
(0.065 0.075)
(0.066666666667 0.075)
(0.068333333333 0.075)
(0.07 0.075)
(0.071666666667 0.075)
(0.073333333333 0.075)
(0.075 0.075)
(0.076666666667 0.075)
(0.078333333333 0.075)
(0.08 0.075)
(0.081666666667 0.075)
(0.083333333333 0.075)
(0.085 0.075)
(0.086666666667 0.075)
(0.088333333333 0.075)
(0.09 0.075)
(0.091666666667 0.075)
(0.093333333333 0.075)
(0.095 0.075)
(0.096666666667 0.075)
(0.098333333333 0.075)
(0.1 0.075)
(0 0.076666666667)
(0.001666666667 0.076666666667)
(0.003333333333 0.076666666667)
(0.005 0.076666666667)
(0.006666666667 0.076666666667)
(0.008333333333 0.076666666667)
(0.01 0.076666666667)
(0.011666666667 0.076666666667)
(0.013333333333 0.076666666667)
(0.015 0.076666666667)
(0.016666666667 0.076666666667)
(0.018333333333 0.076666666667)
(0.02 0.076666666667)
(0.021666666667 0.076666666667)
(0.023333333333 0.076666666667)
(0.025 0.076666666667)
(0.026666666667 0.076666666667)
(0.028333333333 0.076666666667)
(0.03 0.076666666667)
(0.031666666667 0.076666666667)
(0.033333333333 0.076666666667)
(0.035 0.076666666667)
(0.036666666667 0.076666666667)
(0.038333333333 0.076666666667)
(0.04 0.076666666667)
(0.041666666667 0.076666666667)
(0.043333333333 0.076666666667)
(0.045 0.076666666667)
(0.046666666667 0.076666666667)
(0.048333333333 0.076666666667)
(0.05 0.076666666667)
(0.051666666667 0.076666666667)
(0.053333333333 0.076666666667)
(0.055 0.076666666667)
(0.056666666667 0.076666666667)
(0.058333333333 0.076666666667)
(0.06 0.076666666667)
(0.061666666667 0.076666666667)
(0.063333333333 0.076666666667)
(0.065 0.076666666667)
(0.066666666667 0.076666666667)
(0.068333333333 0.076666666667)
(0.07 0.076666666667)
(0.071666666667 0.076666666667)
(0.073333333333 0.076666666667)
(0.075 0.076666666667)
(0.076666666667 0.076666666667)
(0.078333333333 0.076666666667)
(0.08 0.076666666667)
(0.081666666667 0.076666666667)
(0.083333333333 0.076666666667)
(0.085 0.076666666667)
(0.086666666667 0.076666666667)
(0.088333333333 0.076666666667)
(0.09 0.076666666667)
(0.091666666667 0.076666666667)
(0.093333333333 0.076666666667)
(0.095 0.076666666667)
(0.096666666667 0.076666666667)
(0.098333333333 0.076666666667)
(0.1 0.076666666667)
(0 0.078333333333)
(0.001666666667 0.078333333333)
(0.003333333333 0.078333333333)
(0.005 0.078333333333)
(0.006666666667 0.078333333333)
(0.008333333333 0.078333333333)
(0.01 0.078333333333)
(0.011666666667 0.078333333333)
(0.013333333333 0.078333333333)
(0.015 0.078333333333)
(0.016666666667 0.078333333333)
(0.018333333333 0.078333333333)
(0.02 0.078333333333)
(0.021666666667 0.078333333333)
(0.023333333333 0.078333333333)
(0.025 0.078333333333)
(0.026666666667 0.078333333333)
(0.028333333333 0.078333333333)
(0.03 0.078333333333)
(0.031666666667 0.078333333333)
(0.033333333333 0.078333333333)
(0.035 0.078333333333)
(0.036666666667 0.078333333333)
(0.038333333333 0.078333333333)
(0.04 0.078333333333)
(0.041666666667 0.078333333333)
(0.043333333333 0.078333333333)
(0.045 0.078333333333)
(0.046666666667 0.078333333333)
(0.048333333333 0.078333333333)
(0.05 0.078333333333)
(0.051666666667 0.078333333333)
(0.053333333333 0.078333333333)
(0.055 0.078333333333)
(0.056666666667 0.078333333333)
(0.058333333333 0.078333333333)
(0.06 0.078333333333)
(0.061666666667 0.078333333333)
(0.063333333333 0.078333333333)
(0.065 0.078333333333)
(0.066666666667 0.078333333333)
(0.068333333333 0.078333333333)
(0.07 0.078333333333)
(0.071666666667 0.078333333333)
(0.073333333333 0.078333333333)
(0.075 0.078333333333)
(0.076666666667 0.078333333333)
(0.078333333333 0.078333333333)
(0.08 0.078333333333)
(0.081666666667 0.078333333333)
(0.083333333333 0.078333333333)
(0.085 0.078333333333)
(0.086666666667 0.078333333333)
(0.088333333333 0.078333333333)
(0.09 0.078333333333)
(0.091666666667 0.078333333333)
(0.093333333333 0.078333333333)
(0.095 0.078333333333)
(0.096666666667 0.078333333333)
(0.098333333333 0.078333333333)
(0.1 0.078333333333)
(0 0.08)
(0.001666666667 0.08)
(0.003333333333 0.08)
(0.005 0.08)
(0.006666666667 0.08)
(0.008333333333 0.08)
(0.01 0.08)
(0.011666666667 0.08)
(0.013333333333 0.08)
(0.015 0.08)
(0.016666666667 0.08)
(0.018333333333 0.08)
(0.02 0.08)
(0.021666666667 0.08)
(0.023333333333 0.08)
(0.025 0.08)
(0.026666666667 0.08)
(0.028333333333 0.08)
(0.03 0.08)
(0.031666666667 0.08)
(0.033333333333 0.08)
(0.035 0.08)
(0.036666666667 0.08)
(0.038333333333 0.08)
(0.04 0.08)
(0.041666666667 0.08)
(0.043333333333 0.08)
(0.045 0.08)
(0.046666666667 0.08)
(0.048333333333 0.08)
(0.05 0.08)
(0.051666666667 0.08)
(0.053333333333 0.08)
(0.055 0.08)
(0.056666666667 0.08)
(0.058333333333 0.08)
(0.06 0.08)
(0.061666666667 0.08)
(0.063333333333 0.08)
(0.065 0.08)
(0.066666666667 0.08)
(0.068333333333 0.08)
(0.07 0.08)
(0.071666666667 0.08)
(0.073333333333 0.08)
(0.075 0.08)
(0.076666666667 0.08)
(0.078333333333 0.08)
(0.08 0.08)
(0.081666666667 0.08)
(0.083333333333 0.08)
(0.085 0.08)
(0.086666666667 0.08)
(0.088333333333 0.08)
(0.09 0.08)
(0.091666666667 0.08)
(0.093333333333 0.08)
(0.095 0.08)
(0.096666666667 0.08)
(0.098333333333 0.08)
(0.1 0.08)
(0 0.081666666667)
(0.001666666667 0.081666666667)
(0.003333333333 0.081666666667)
(0.005 0.081666666667)
(0.006666666667 0.081666666667)
(0.008333333333 0.081666666667)
(0.01 0.081666666667)
(0.011666666667 0.081666666667)
(0.013333333333 0.081666666667)
(0.015 0.081666666667)
(0.016666666667 0.081666666667)
(0.018333333333 0.081666666667)
(0.02 0.081666666667)
(0.021666666667 0.081666666667)
(0.023333333333 0.081666666667)
(0.025 0.081666666667)
(0.026666666667 0.081666666667)
(0.028333333333 0.081666666667)
(0.03 0.081666666667)
(0.031666666667 0.081666666667)
(0.033333333333 0.081666666667)
(0.035 0.081666666667)
(0.036666666667 0.081666666667)
(0.038333333333 0.081666666667)
(0.04 0.081666666667)
(0.041666666667 0.081666666667)
(0.043333333333 0.081666666667)
(0.045 0.081666666667)
(0.046666666667 0.081666666667)
(0.048333333333 0.081666666667)
(0.05 0.081666666667)
(0.051666666667 0.081666666667)
(0.053333333333 0.081666666667)
(0.055 0.081666666667)
(0.056666666667 0.081666666667)
(0.058333333333 0.081666666667)
(0.06 0.081666666667)
(0.061666666667 0.081666666667)
(0.063333333333 0.081666666667)
(0.065 0.081666666667)
(0.066666666667 0.081666666667)
(0.068333333333 0.081666666667)
(0.07 0.081666666667)
(0.071666666667 0.081666666667)
(0.073333333333 0.081666666667)
(0.075 0.081666666667)
(0.076666666667 0.081666666667)
(0.078333333333 0.081666666667)
(0.08 0.081666666667)
(0.081666666667 0.081666666667)
(0.083333333333 0.081666666667)
(0.085 0.081666666667)
(0.086666666667 0.081666666667)
(0.088333333333 0.081666666667)
(0.09 0.081666666667)
(0.091666666667 0.081666666667)
(0.093333333333 0.081666666667)
(0.095 0.081666666667)
(0.096666666667 0.081666666667)
(0.098333333333 0.081666666667)
(0.1 0.081666666667)
(0 0.083333333333)
(0.001666666667 0.083333333333)
(0.003333333333 0.083333333333)
(0.005 0.083333333333)
(0.006666666667 0.083333333333)
(0.008333333333 0.083333333333)
(0.01 0.083333333333)
(0.011666666667 0.083333333333)
(0.013333333333 0.083333333333)
(0.015 0.083333333333)
(0.016666666667 0.083333333333)
(0.018333333333 0.083333333333)
(0.02 0.083333333333)
(0.021666666667 0.083333333333)
(0.023333333333 0.083333333333)
(0.025 0.083333333333)
(0.026666666667 0.083333333333)
(0.028333333333 0.083333333333)
(0.03 0.083333333333)
(0.031666666667 0.083333333333)
(0.033333333333 0.083333333333)
(0.035 0.083333333333)
(0.036666666667 0.083333333333)
(0.038333333333 0.083333333333)
(0.04 0.083333333333)
(0.041666666667 0.083333333333)
(0.043333333333 0.083333333333)
(0.045 0.083333333333)
(0.046666666667 0.083333333333)
(0.048333333333 0.083333333333)
(0.05 0.083333333333)
(0.051666666667 0.083333333333)
(0.053333333333 0.083333333333)
(0.055 0.083333333333)
(0.056666666667 0.083333333333)
(0.058333333333 0.083333333333)
(0.06 0.083333333333)
(0.061666666667 0.083333333333)
(0.063333333333 0.083333333333)
(0.065 0.083333333333)
(0.066666666667 0.083333333333)
(0.068333333333 0.083333333333)
(0.07 0.083333333333)
(0.071666666667 0.083333333333)
(0.073333333333 0.083333333333)
(0.075 0.083333333333)
(0.076666666667 0.083333333333)
(0.078333333333 0.083333333333)
(0.08 0.083333333333)
(0.081666666667 0.083333333333)
(0.083333333333 0.083333333333)
(0.085 0.083333333333)
(0.086666666667 0.083333333333)
(0.088333333333 0.083333333333)
(0.09 0.083333333333)
(0.091666666667 0.083333333333)
(0.093333333333 0.083333333333)
(0.095 0.083333333333)
(0.096666666667 0.083333333333)
(0.098333333333 0.083333333333)
(0.1 0.083333333333)
(0 0.085)
(0.001666666667 0.085)
(0.003333333333 0.085)
(0.005 0.085)
(0.006666666667 0.085)
(0.008333333333 0.085)
(0.01 0.085)
(0.011666666667 0.085)
(0.013333333333 0.085)
(0.015 0.085)
(0.016666666667 0.085)
(0.018333333333 0.085)
(0.02 0.085)
(0.021666666667 0.085)
(0.023333333333 0.085)
(0.025 0.085)
(0.026666666667 0.085)
(0.028333333333 0.085)
(0.03 0.085)
(0.031666666667 0.085)
(0.033333333333 0.085)
(0.035 0.085)
(0.036666666667 0.085)
(0.038333333333 0.085)
(0.04 0.085)
(0.041666666667 0.085)
(0.043333333333 0.085)
(0.045 0.085)
(0.046666666667 0.085)
(0.048333333333 0.085)
(0.05 0.085)
(0.051666666667 0.085)
(0.053333333333 0.085)
(0.055 0.085)
(0.056666666667 0.085)
(0.058333333333 0.085)
(0.06 0.085)
(0.061666666667 0.085)
(0.063333333333 0.085)
(0.065 0.085)
(0.066666666667 0.085)
(0.068333333333 0.085)
(0.07 0.085)
(0.071666666667 0.085)
(0.073333333333 0.085)
(0.075 0.085)
(0.076666666667 0.085)
(0.078333333333 0.085)
(0.08 0.085)
(0.081666666667 0.085)
(0.083333333333 0.085)
(0.085 0.085)
(0.086666666667 0.085)
(0.088333333333 0.085)
(0.09 0.085)
(0.091666666667 0.085)
(0.093333333333 0.085)
(0.095 0.085)
(0.096666666667 0.085)
(0.098333333333 0.085)
(0.1 0.085)
(0 0.086666666667)
(0.001666666667 0.086666666667)
(0.003333333333 0.086666666667)
(0.005 0.086666666667)
(0.006666666667 0.086666666667)
(0.008333333333 0.086666666667)
(0.01 0.086666666667)
(0.011666666667 0.086666666667)
(0.013333333333 0.086666666667)
(0.015 0.086666666667)
(0.016666666667 0.086666666667)
(0.018333333333 0.086666666667)
(0.02 0.086666666667)
(0.021666666667 0.086666666667)
(0.023333333333 0.086666666667)
(0.025 0.086666666667)
(0.026666666667 0.086666666667)
(0.028333333333 0.086666666667)
(0.03 0.086666666667)
(0.031666666667 0.086666666667)
(0.033333333333 0.086666666667)
(0.035 0.086666666667)
(0.036666666667 0.086666666667)
(0.038333333333 0.086666666667)
(0.04 0.086666666667)
(0.041666666667 0.086666666667)
(0.043333333333 0.086666666667)
(0.045 0.086666666667)
(0.046666666667 0.086666666667)
(0.048333333333 0.086666666667)
(0.05 0.086666666667)
(0.051666666667 0.086666666667)
(0.053333333333 0.086666666667)
(0.055 0.086666666667)
(0.056666666667 0.086666666667)
(0.058333333333 0.086666666667)
(0.06 0.086666666667)
(0.061666666667 0.086666666667)
(0.063333333333 0.086666666667)
(0.065 0.086666666667)
(0.066666666667 0.086666666667)
(0.068333333333 0.086666666667)
(0.07 0.086666666667)
(0.071666666667 0.086666666667)
(0.073333333333 0.086666666667)
(0.075 0.086666666667)
(0.076666666667 0.086666666667)
(0.078333333333 0.086666666667)
(0.08 0.086666666667)
(0.081666666667 0.086666666667)
(0.083333333333 0.086666666667)
(0.085 0.086666666667)
(0.086666666667 0.086666666667)
(0.088333333333 0.086666666667)
(0.09 0.086666666667)
(0.091666666667 0.086666666667)
(0.093333333333 0.086666666667)
(0.095 0.086666666667)
(0.096666666667 0.086666666667)
(0.098333333333 0.086666666667)
(0.1 0.086666666667)
(0 0.088333333333)
(0.001666666667 0.088333333333)
(0.003333333333 0.088333333333)
(0.005 0.088333333333)
(0.006666666667 0.088333333333)
(0.008333333333 0.088333333333)
(0.01 0.088333333333)
(0.011666666667 0.088333333333)
(0.013333333333 0.088333333333)
(0.015 0.088333333333)
(0.016666666667 0.088333333333)
(0.018333333333 0.088333333333)
(0.02 0.088333333333)
(0.021666666667 0.088333333333)
(0.023333333333 0.088333333333)
(0.025 0.088333333333)
(0.026666666667 0.088333333333)
(0.028333333333 0.088333333333)
(0.03 0.088333333333)
(0.031666666667 0.088333333333)
(0.033333333333 0.088333333333)
(0.035 0.088333333333)
(0.036666666667 0.088333333333)
(0.038333333333 0.088333333333)
(0.04 0.088333333333)
(0.041666666667 0.088333333333)
(0.043333333333 0.088333333333)
(0.045 0.088333333333)
(0.046666666667 0.088333333333)
(0.048333333333 0.088333333333)
(0.05 0.088333333333)
(0.051666666667 0.088333333333)
(0.053333333333 0.088333333333)
(0.055 0.088333333333)
(0.056666666667 0.088333333333)
(0.058333333333 0.088333333333)
(0.06 0.088333333333)
(0.061666666667 0.088333333333)
(0.063333333333 0.088333333333)
(0.065 0.088333333333)
(0.066666666667 0.088333333333)
(0.068333333333 0.088333333333)
(0.07 0.088333333333)
(0.071666666667 0.088333333333)
(0.073333333333 0.088333333333)
(0.075 0.088333333333)
(0.076666666667 0.088333333333)
(0.078333333333 0.088333333333)
(0.08 0.088333333333)
(0.081666666667 0.088333333333)
(0.083333333333 0.088333333333)
(0.085 0.088333333333)
(0.086666666667 0.088333333333)
(0.088333333333 0.088333333333)
(0.09 0.088333333333)
(0.091666666667 0.088333333333)
(0.093333333333 0.088333333333)
(0.095 0.088333333333)
(0.096666666667 0.088333333333)
(0.098333333333 0.088333333333)
(0.1 0.088333333333)
(0 0.09)
(0.001666666667 0.09)
(0.003333333333 0.09)
(0.005 0.09)
(0.006666666667 0.09)
(0.008333333333 0.09)
(0.01 0.09)
(0.011666666667 0.09)
(0.013333333333 0.09)
(0.015 0.09)
(0.016666666667 0.09)
(0.018333333333 0.09)
(0.02 0.09)
(0.021666666667 0.09)
(0.023333333333 0.09)
(0.025 0.09)
(0.026666666667 0.09)
(0.028333333333 0.09)
(0.03 0.09)
(0.031666666667 0.09)
(0.033333333333 0.09)
(0.035 0.09)
(0.036666666667 0.09)
(0.038333333333 0.09)
(0.04 0.09)
(0.041666666667 0.09)
(0.043333333333 0.09)
(0.045 0.09)
(0.046666666667 0.09)
(0.048333333333 0.09)
(0.05 0.09)
(0.051666666667 0.09)
(0.053333333333 0.09)
(0.055 0.09)
(0.056666666667 0.09)
(0.058333333333 0.09)
(0.06 0.09)
(0.061666666667 0.09)
(0.063333333333 0.09)
(0.065 0.09)
(0.066666666667 0.09)
(0.068333333333 0.09)
(0.07 0.09)
(0.071666666667 0.09)
(0.073333333333 0.09)
(0.075 0.09)
(0.076666666667 0.09)
(0.078333333333 0.09)
(0.08 0.09)
(0.081666666667 0.09)
(0.083333333333 0.09)
(0.085 0.09)
(0.086666666667 0.09)
(0.088333333333 0.09)
(0.09 0.09)
(0.091666666667 0.09)
(0.093333333333 0.09)
(0.095 0.09)
(0.096666666667 0.09)
(0.098333333333 0.09)
(0.1 0.09)
(0 0.091666666667)
(0.001666666667 0.091666666667)
(0.003333333333 0.091666666667)
(0.005 0.091666666667)
(0.006666666667 0.091666666667)
(0.008333333333 0.091666666667)
(0.01 0.091666666667)
(0.011666666667 0.091666666667)
(0.013333333333 0.091666666667)
(0.015 0.091666666667)
(0.016666666667 0.091666666667)
(0.018333333333 0.091666666667)
(0.02 0.091666666667)
(0.021666666667 0.091666666667)
(0.023333333333 0.091666666667)
(0.025 0.091666666667)
(0.026666666667 0.091666666667)
(0.028333333333 0.091666666667)
(0.03 0.091666666667)
(0.031666666667 0.091666666667)
(0.033333333333 0.091666666667)
(0.035 0.091666666667)
(0.036666666667 0.091666666667)
(0.038333333333 0.091666666667)
(0.04 0.091666666667)
(0.041666666667 0.091666666667)
(0.043333333333 0.091666666667)
(0.045 0.091666666667)
(0.046666666667 0.091666666667)
(0.048333333333 0.091666666667)
(0.05 0.091666666667)
(0.051666666667 0.091666666667)
(0.053333333333 0.091666666667)
(0.055 0.091666666667)
(0.056666666667 0.091666666667)
(0.058333333333 0.091666666667)
(0.06 0.091666666667)
(0.061666666667 0.091666666667)
(0.063333333333 0.091666666667)
(0.065 0.091666666667)
(0.066666666667 0.091666666667)
(0.068333333333 0.091666666667)
(0.07 0.091666666667)
(0.071666666667 0.091666666667)
(0.073333333333 0.091666666667)
(0.075 0.091666666667)
(0.076666666667 0.091666666667)
(0.078333333333 0.091666666667)
(0.08 0.091666666667)
(0.081666666667 0.091666666667)
(0.083333333333 0.091666666667)
(0.085 0.091666666667)
(0.086666666667 0.091666666667)
(0.088333333333 0.091666666667)
(0.09 0.091666666667)
(0.091666666667 0.091666666667)
(0.093333333333 0.091666666667)
(0.095 0.091666666667)
(0.096666666667 0.091666666667)
(0.098333333333 0.091666666667)
(0.1 0.091666666667)
(0 0.093333333333)
(0.001666666667 0.093333333333)
(0.003333333333 0.093333333333)
(0.005 0.093333333333)
(0.006666666667 0.093333333333)
(0.008333333333 0.093333333333)
(0.01 0.093333333333)
(0.011666666667 0.093333333333)
(0.013333333333 0.093333333333)
(0.015 0.093333333333)
(0.016666666667 0.093333333333)
(0.018333333333 0.093333333333)
(0.02 0.093333333333)
(0.021666666667 0.093333333333)
(0.023333333333 0.093333333333)
(0.025 0.093333333333)
(0.026666666667 0.093333333333)
(0.028333333333 0.093333333333)
(0.03 0.093333333333)
(0.031666666667 0.093333333333)
(0.033333333333 0.093333333333)
(0.035 0.093333333333)
(0.036666666667 0.093333333333)
(0.038333333333 0.093333333333)
(0.04 0.093333333333)
(0.041666666667 0.093333333333)
(0.043333333333 0.093333333333)
(0.045 0.093333333333)
(0.046666666667 0.093333333333)
(0.048333333333 0.093333333333)
(0.05 0.093333333333)
(0.051666666667 0.093333333333)
(0.053333333333 0.093333333333)
(0.055 0.093333333333)
(0.056666666667 0.093333333333)
(0.058333333333 0.093333333333)
(0.06 0.093333333333)
(0.061666666667 0.093333333333)
(0.063333333333 0.093333333333)
(0.065 0.093333333333)
(0.066666666667 0.093333333333)
(0.068333333333 0.093333333333)
(0.07 0.093333333333)
(0.071666666667 0.093333333333)
(0.073333333333 0.093333333333)
(0.075 0.093333333333)
(0.076666666667 0.093333333333)
(0.078333333333 0.093333333333)
(0.08 0.093333333333)
(0.081666666667 0.093333333333)
(0.083333333333 0.093333333333)
(0.085 0.093333333333)
(0.086666666667 0.093333333333)
(0.088333333333 0.093333333333)
(0.09 0.093333333333)
(0.091666666667 0.093333333333)
(0.093333333333 0.093333333333)
(0.095 0.093333333333)
(0.096666666667 0.093333333333)
(0.098333333333 0.093333333333)
(0.1 0.093333333333)
(0 0.095)
(0.001666666667 0.095)
(0.003333333333 0.095)
(0.005 0.095)
(0.006666666667 0.095)
(0.008333333333 0.095)
(0.01 0.095)
(0.011666666667 0.095)
(0.013333333333 0.095)
(0.015 0.095)
(0.016666666667 0.095)
(0.018333333333 0.095)
(0.02 0.095)
(0.021666666667 0.095)
(0.023333333333 0.095)
(0.025 0.095)
(0.026666666667 0.095)
(0.028333333333 0.095)
(0.03 0.095)
(0.031666666667 0.095)
(0.033333333333 0.095)
(0.035 0.095)
(0.036666666667 0.095)
(0.038333333333 0.095)
(0.04 0.095)
(0.041666666667 0.095)
(0.043333333333 0.095)
(0.045 0.095)
(0.046666666667 0.095)
(0.048333333333 0.095)
(0.05 0.095)
(0.051666666667 0.095)
(0.053333333333 0.095)
(0.055 0.095)
(0.056666666667 0.095)
(0.058333333333 0.095)
(0.06 0.095)
(0.061666666667 0.095)
(0.063333333333 0.095)
(0.065 0.095)
(0.066666666667 0.095)
(0.068333333333 0.095)
(0.07 0.095)
(0.071666666667 0.095)
(0.073333333333 0.095)
(0.075 0.095)
(0.076666666667 0.095)
(0.078333333333 0.095)
(0.08 0.095)
(0.081666666667 0.095)
(0.083333333333 0.095)
(0.085 0.095)
(0.086666666667 0.095)
(0.088333333333 0.095)
(0.09 0.095)
(0.091666666667 0.095)
(0.093333333333 0.095)
(0.095 0.095)
(0.096666666667 0.095)
(0.098333333333 0.095)
(0.1 0.095)
(0 0.096666666667)
(0.001666666667 0.096666666667)
(0.003333333333 0.096666666667)
(0.005 0.096666666667)
(0.006666666667 0.096666666667)
(0.008333333333 0.096666666667)
(0.01 0.096666666667)
(0.011666666667 0.096666666667)
(0.013333333333 0.096666666667)
(0.015 0.096666666667)
(0.016666666667 0.096666666667)
(0.018333333333 0.096666666667)
(0.02 0.096666666667)
(0.021666666667 0.096666666667)
(0.023333333333 0.096666666667)
(0.025 0.096666666667)
(0.026666666667 0.096666666667)
(0.028333333333 0.096666666667)
(0.03 0.096666666667)
(0.031666666667 0.096666666667)
(0.033333333333 0.096666666667)
(0.035 0.096666666667)
(0.036666666667 0.096666666667)
(0.038333333333 0.096666666667)
(0.04 0.096666666667)
(0.041666666667 0.096666666667)
(0.043333333333 0.096666666667)
(0.045 0.096666666667)
(0.046666666667 0.096666666667)
(0.048333333333 0.096666666667)
(0.05 0.096666666667)
(0.051666666667 0.096666666667)
(0.053333333333 0.096666666667)
(0.055 0.096666666667)
(0.056666666667 0.096666666667)
(0.058333333333 0.096666666667)
(0.06 0.096666666667)
(0.061666666667 0.096666666667)
(0.063333333333 0.096666666667)
(0.065 0.096666666667)
(0.066666666667 0.096666666667)
(0.068333333333 0.096666666667)
(0.07 0.096666666667)
(0.071666666667 0.096666666667)
(0.073333333333 0.096666666667)
(0.075 0.096666666667)
(0.076666666667 0.096666666667)
(0.078333333333 0.096666666667)
(0.08 0.096666666667)
(0.081666666667 0.096666666667)
(0.083333333333 0.096666666667)
(0.085 0.096666666667)
(0.086666666667 0.096666666667)
(0.088333333333 0.096666666667)
(0.09 0.096666666667)
(0.091666666667 0.096666666667)
(0.093333333333 0.096666666667)
(0.095 0.096666666667)
(0.096666666667 0.096666666667)
(0.098333333333 0.096666666667)
(0.1 0.096666666667)
(0 0.098333333333)
(0.001666666667 0.098333333333)
(0.003333333333 0.098333333333)
(0.005 0.098333333333)
(0.006666666667 0.098333333333)
(0.008333333333 0.098333333333)
(0.01 0.098333333333)
(0.011666666667 0.098333333333)
(0.013333333333 0.098333333333)
(0.015 0.098333333333)
(0.016666666667 0.098333333333)
(0.018333333333 0.098333333333)
(0.02 0.098333333333)
(0.021666666667 0.098333333333)
(0.023333333333 0.098333333333)
(0.025 0.098333333333)
(0.026666666667 0.098333333333)
(0.028333333333 0.098333333333)
(0.03 0.098333333333)
(0.031666666667 0.098333333333)
(0.033333333333 0.098333333333)
(0.035 0.098333333333)
(0.036666666667 0.098333333333)
(0.038333333333 0.098333333333)
(0.04 0.098333333333)
(0.041666666667 0.098333333333)
(0.043333333333 0.098333333333)
(0.045 0.098333333333)
(0.046666666667 0.098333333333)
(0.048333333333 0.098333333333)
(0.05 0.098333333333)
(0.051666666667 0.098333333333)
(0.053333333333 0.098333333333)
(0.055 0.098333333333)
(0.056666666667 0.098333333333)
(0.058333333333 0.098333333333)
(0.06 0.098333333333)
(0.061666666667 0.098333333333)
(0.063333333333 0.098333333333)
(0.065 0.098333333333)
(0.066666666667 0.098333333333)
(0.068333333333 0.098333333333)
(0.07 0.098333333333)
(0.071666666667 0.098333333333)
(0.073333333333 0.098333333333)
(0.075 0.098333333333)
(0.076666666667 0.098333333333)
(0.078333333333 0.098333333333)
(0.08 0.098333333333)
(0.081666666667 0.098333333333)
(0.083333333333 0.098333333333)
(0.085 0.098333333333)
(0.086666666667 0.098333333333)
(0.088333333333 0.098333333333)
(0.09 0.098333333333)
(0.091666666667 0.098333333333)
(0.093333333333 0.098333333333)
(0.095 0.098333333333)
(0.096666666667 0.098333333333)
(0.098333333333 0.098333333333)
(0.1 0.098333333333)
(0 0.1)
(0.001666666667 0.1)
(0.003333333333 0.1)
(0.005 0.1)
(0.006666666667 0.1)
(0.008333333333 0.1)
(0.01 0.1)
(0.011666666667 0.1)
(0.013333333333 0.1)
(0.015 0.1)
(0.016666666667 0.1)
(0.018333333333 0.1)
(0.02 0.1)
(0.021666666667 0.1)
(0.023333333333 0.1)
(0.025 0.1)
(0.026666666667 0.1)
(0.028333333333 0.1)
(0.03 0.1)
(0.031666666667 0.1)
(0.033333333333 0.1)
(0.035 0.1)
(0.036666666667 0.1)
(0.038333333333 0.1)
(0.04 0.1)
(0.041666666667 0.1)
(0.043333333333 0.1)
(0.045 0.1)
(0.046666666667 0.1)
(0.048333333333 0.1)
(0.05 0.1)
(0.051666666667 0.1)
(0.053333333333 0.1)
(0.055 0.1)
(0.056666666667 0.1)
(0.058333333333 0.1)
(0.06 0.1)
(0.061666666667 0.1)
(0.063333333333 0.1)
(0.065 0.1)
(0.066666666667 0.1)
(0.068333333333 0.1)
(0.07 0.1)
(0.071666666667 0.1)
(0.073333333333 0.1)
(0.075 0.1)
(0.076666666667 0.1)
(0.078333333333 0.1)
(0.08 0.1)
(0.081666666667 0.1)
(0.083333333333 0.1)
(0.085 0.1)
(0.086666666667 0.1)
(0.088333333333 0.1)
(0.09 0.1)
(0.091666666667 0.1)
(0.093333333333 0.1)
(0.095 0.1)
(0.096666666667 0.1)
(0.098333333333 0.1)
(0.1 0.1)
)
