900
(
4(0 960 30 930)
4(1 990 31 960)
4(2 1020 32 990)
4(3 1050 33 1020)
4(4 1080 34 1050)
4(5 1110 35 1080)
4(6 1140 36 1110)
4(7 1170 37 1140)
4(8 1200 38 1170)
4(9 1230 39 1200)
4(10 1260 40 1230)
4(11 1290 41 1260)
4(12 1320 42 1290)
4(13 1350 43 1320)
4(14 1380 44 1350)
4(15 1410 45 1380)
4(16 1440 46 1410)
4(17 1470 47 1440)
4(18 1500 48 1470)
4(19 1530 49 1500)
4(20 1560 50 1530)
4(21 1590 51 1560)
4(22 1620 52 1590)
4(23 1650 53 1620)
4(24 1680 54 1650)
4(25 1710 55 1680)
4(26 1740 56 1710)
4(27 1770 57 1740)
4(28 1800 58 1770)
4(29 1830 59 1800)
4(30 961 60 931)
4(31 991 61 961)
4(32 1021 62 991)
4(33 1051 63 1021)
4(34 1081 64 1051)
4(35 1111 65 1081)
4(36 1141 66 1111)
4(37 1171 67 1141)
4(38 1201 68 1171)
4(39 1231 69 1201)
4(40 1261 70 1231)
4(41 1291 71 1261)
4(42 1321 72 1291)
4(43 1351 73 1321)
4(44 1381 74 1351)
4(45 1411 75 1381)
4(46 1441 76 1411)
4(47 1471 77 1441)
4(48 1501 78 1471)
4(49 1531 79 1501)
4(50 1561 80 1531)
4(51 1591 81 1561)
4(52 1621 82 1591)
4(53 1651 83 1621)
4(54 1681 84 1651)
4(55 1711 85 1681)
4(56 1741 86 1711)
4(57 1771 87 1741)
4(58 1801 88 1771)
4(59 1831 89 1801)
4(60 962 90 932)
4(61 992 91 962)
4(62 1022 92 992)
4(63 1052 93 1022)
4(64 1082 94 1052)
4(65 1112 95 1082)
4(66 1142 96 1112)
4(67 1172 97 1142)
4(68 1202 98 1172)
4(69 1232 99 1202)
4(70 1262 100 1232)
4(71 1292 101 1262)
4(72 1322 102 1292)
4(73 1352 103 1322)
4(74 1382 104 1352)
4(75 1412 105 1382)
4(76 1442 106 1412)
4(77 1472 107 1442)
4(78 1502 108 1472)
4(79 1532 109 1502)
4(80 1562 110 1532)
4(81 1592 111 1562)
4(82 1622 112 1592)
4(83 1652 113 1622)
4(84 1682 114 1652)
4(85 1712 115 1682)
4(86 1742 116 1712)
4(87 1772 117 1742)
4(88 1802 118 1772)
4(89 1832 119 1802)
4(90 963 120 933)
4(91 993 121 963)
4(92 1023 122 993)
4(93 1053 123 1023)
4(94 1083 124 1053)
4(95 1113 125 1083)
4(96 1143 126 1113)
4(97 1173 127 1143)
4(98 1203 128 1173)
4(99 1233 129 1203)
4(100 1263 130 1233)
4(101 1293 131 1263)
4(102 1323 132 1293)
4(103 1353 133 1323)
4(104 1383 134 1353)
4(105 1413 135 1383)
4(106 1443 136 1413)
4(107 1473 137 1443)
4(108 1503 138 1473)
4(109 1533 139 1503)
4(110 1563 140 1533)
4(111 1593 141 1563)
4(112 1623 142 1593)
4(113 1653 143 1623)
4(114 1683 144 1653)
4(115 1713 145 1683)
4(116 1743 146 1713)
4(117 1773 147 1743)
4(118 1803 148 1773)
4(119 1833 149 1803)
4(120 964 150 934)
4(121 994 151 964)
4(122 1024 152 994)
4(123 1054 153 1024)
4(124 1084 154 1054)
4(125 1114 155 1084)
4(126 1144 156 1114)
4(127 1174 157 1144)
4(128 1204 158 1174)
4(129 1234 159 1204)
4(130 1264 160 1234)
4(131 1294 161 1264)
4(132 1324 162 1294)
4(133 1354 163 1324)
4(134 1384 164 1354)
4(135 1414 165 1384)
4(136 1444 166 1414)
4(137 1474 167 1444)
4(138 1504 168 1474)
4(139 1534 169 1504)
4(140 1564 170 1534)
4(141 1594 171 1564)
4(142 1624 172 1594)
4(143 1654 173 1624)
4(144 1684 174 1654)
4(145 1714 175 1684)
4(146 1744 176 1714)
4(147 1774 177 1744)
4(148 1804 178 1774)
4(149 1834 179 1804)
4(150 965 180 935)
4(151 995 181 965)
4(152 1025 182 995)
4(153 1055 183 1025)
4(154 1085 184 1055)
4(155 1115 185 1085)
4(156 1145 186 1115)
4(157 1175 187 1145)
4(158 1205 188 1175)
4(159 1235 189 1205)
4(160 1265 190 1235)
4(161 1295 191 1265)
4(162 1325 192 1295)
4(163 1355 193 1325)
4(164 1385 194 1355)
4(165 1415 195 1385)
4(166 1445 196 1415)
4(167 1475 197 1445)
4(168 1505 198 1475)
4(169 1535 199 1505)
4(170 1565 200 1535)
4(171 1595 201 1565)
4(172 1625 202 1595)
4(173 1655 203 1625)
4(174 1685 204 1655)
4(175 1715 205 1685)
4(176 1745 206 1715)
4(177 1775 207 1745)
4(178 1805 208 1775)
4(179 1835 209 1805)
4(180 966 210 936)
4(181 996 211 966)
4(182 1026 212 996)
4(183 1056 213 1026)
4(184 1086 214 1056)
4(185 1116 215 1086)
4(186 1146 216 1116)
4(187 1176 217 1146)
4(188 1206 218 1176)
4(189 1236 219 1206)
4(190 1266 220 1236)
4(191 1296 221 1266)
4(192 1326 222 1296)
4(193 1356 223 1326)
4(194 1386 224 1356)
4(195 1416 225 1386)
4(196 1446 226 1416)
4(197 1476 227 1446)
4(198 1506 228 1476)
4(199 1536 229 1506)
4(200 1566 230 1536)
4(201 1596 231 1566)
4(202 1626 232 1596)
4(203 1656 233 1626)
4(204 1686 234 1656)
4(205 1716 235 1686)
4(206 1746 236 1716)
4(207 1776 237 1746)
4(208 1806 238 1776)
4(209 1836 239 1806)
4(210 967 240 937)
4(211 997 241 967)
4(212 1027 242 997)
4(213 1057 243 1027)
4(214 1087 244 1057)
4(215 1117 245 1087)
4(216 1147 246 1117)
4(217 1177 247 1147)
4(218 1207 248 1177)
4(219 1237 249 1207)
4(220 1267 250 1237)
4(221 1297 251 1267)
4(222 1327 252 1297)
4(223 1357 253 1327)
4(224 1387 254 1357)
4(225 1417 255 1387)
4(226 1447 256 1417)
4(227 1477 257 1447)
4(228 1507 258 1477)
4(229 1537 259 1507)
4(230 1567 260 1537)
4(231 1597 261 1567)
4(232 1627 262 1597)
4(233 1657 263 1627)
4(234 1687 264 1657)
4(235 1717 265 1687)
4(236 1747 266 1717)
4(237 1777 267 1747)
4(238 1807 268 1777)
4(239 1837 269 1807)
4(240 968 270 938)
4(241 998 271 968)
4(242 1028 272 998)
4(243 1058 273 1028)
4(244 1088 274 1058)
4(245 1118 275 1088)
4(246 1148 276 1118)
4(247 1178 277 1148)
4(248 1208 278 1178)
4(249 1238 279 1208)
4(250 1268 280 1238)
4(251 1298 281 1268)
4(252 1328 282 1298)
4(253 1358 283 1328)
4(254 1388 284 1358)
4(255 1418 285 1388)
4(256 1448 286 1418)
4(257 1478 287 1448)
4(258 1508 288 1478)
4(259 1538 289 1508)
4(260 1568 290 1538)
4(261 1598 291 1568)
4(262 1628 292 1598)
4(263 1658 293 1628)
4(264 1688 294 1658)
4(265 1718 295 1688)
4(266 1748 296 1718)
4(267 1778 297 1748)
4(268 1808 298 1778)
4(269 1838 299 1808)
4(270 969 300 939)
4(271 999 301 969)
4(272 1029 302 999)
4(273 1059 303 1029)
4(274 1089 304 1059)
4(275 1119 305 1089)
4(276 1149 306 1119)
4(277 1179 307 1149)
4(278 1209 308 1179)
4(279 1239 309 1209)
4(280 1269 310 1239)
4(281 1299 311 1269)
4(282 1329 312 1299)
4(283 1359 313 1329)
4(284 1389 314 1359)
4(285 1419 315 1389)
4(286 1449 316 1419)
4(287 1479 317 1449)
4(288 1509 318 1479)
4(289 1539 319 1509)
4(290 1569 320 1539)
4(291 1599 321 1569)
4(292 1629 322 1599)
4(293 1659 323 1629)
4(294 1689 324 1659)
4(295 1719 325 1689)
4(296 1749 326 1719)
4(297 1779 327 1749)
4(298 1809 328 1779)
4(299 1839 329 1809)
4(300 970 330 940)
4(301 1000 331 970)
4(302 1030 332 1000)
4(303 1060 333 1030)
4(304 1090 334 1060)
4(305 1120 335 1090)
4(306 1150 336 1120)
4(307 1180 337 1150)
4(308 1210 338 1180)
4(309 1240 339 1210)
4(310 1270 340 1240)
4(311 1300 341 1270)
4(312 1330 342 1300)
4(313 1360 343 1330)
4(314 1390 344 1360)
4(315 1420 345 1390)
4(316 1450 346 1420)
4(317 1480 347 1450)
4(318 1510 348 1480)
4(319 1540 349 1510)
4(320 1570 350 1540)
4(321 1600 351 1570)
4(322 1630 352 1600)
4(323 1660 353 1630)
4(324 1690 354 1660)
4(325 1720 355 1690)
4(326 1750 356 1720)
4(327 1780 357 1750)
4(328 1810 358 1780)
4(329 1840 359 1810)
4(330 971 360 941)
4(331 1001 361 971)
4(332 1031 362 1001)
4(333 1061 363 1031)
4(334 1091 364 1061)
4(335 1121 365 1091)
4(336 1151 366 1121)
4(337 1181 367 1151)
4(338 1211 368 1181)
4(339 1241 369 1211)
4(340 1271 370 1241)
4(341 1301 371 1271)
4(342 1331 372 1301)
4(343 1361 373 1331)
4(344 1391 374 1361)
4(345 1421 375 1391)
4(346 1451 376 1421)
4(347 1481 377 1451)
4(348 1511 378 1481)
4(349 1541 379 1511)
4(350 1571 380 1541)
4(351 1601 381 1571)
4(352 1631 382 1601)
4(353 1661 383 1631)
4(354 1691 384 1661)
4(355 1721 385 1691)
4(356 1751 386 1721)
4(357 1781 387 1751)
4(358 1811 388 1781)
4(359 1841 389 1811)
4(360 972 390 942)
4(361 1002 391 972)
4(362 1032 392 1002)
4(363 1062 393 1032)
4(364 1092 394 1062)
4(365 1122 395 1092)
4(366 1152 396 1122)
4(367 1182 397 1152)
4(368 1212 398 1182)
4(369 1242 399 1212)
4(370 1272 400 1242)
4(371 1302 401 1272)
4(372 1332 402 1302)
4(373 1362 403 1332)
4(374 1392 404 1362)
4(375 1422 405 1392)
4(376 1452 406 1422)
4(377 1482 407 1452)
4(378 1512 408 1482)
4(379 1542 409 1512)
4(380 1572 410 1542)
4(381 1602 411 1572)
4(382 1632 412 1602)
4(383 1662 413 1632)
4(384 1692 414 1662)
4(385 1722 415 1692)
4(386 1752 416 1722)
4(387 1782 417 1752)
4(388 1812 418 1782)
4(389 1842 419 1812)
4(390 973 420 943)
4(391 1003 421 973)
4(392 1033 422 1003)
4(393 1063 423 1033)
4(394 1093 424 1063)
4(395 1123 425 1093)
4(396 1153 426 1123)
4(397 1183 427 1153)
4(398 1213 428 1183)
4(399 1243 429 1213)
4(400 1273 430 1243)
4(401 1303 431 1273)
4(402 1333 432 1303)
4(403 1363 433 1333)
4(404 1393 434 1363)
4(405 1423 435 1393)
4(406 1453 436 1423)
4(407 1483 437 1453)
4(408 1513 438 1483)
4(409 1543 439 1513)
4(410 1573 440 1543)
4(411 1603 441 1573)
4(412 1633 442 1603)
4(413 1663 443 1633)
4(414 1693 444 1663)
4(415 1723 445 1693)
4(416 1753 446 1723)
4(417 1783 447 1753)
4(418 1813 448 1783)
4(419 1843 449 1813)
4(420 974 450 944)
4(421 1004 451 974)
4(422 1034 452 1004)
4(423 1064 453 1034)
4(424 1094 454 1064)
4(425 1124 455 1094)
4(426 1154 456 1124)
4(427 1184 457 1154)
4(428 1214 458 1184)
4(429 1244 459 1214)
4(430 1274 460 1244)
4(431 1304 461 1274)
4(432 1334 462 1304)
4(433 1364 463 1334)
4(434 1394 464 1364)
4(435 1424 465 1394)
4(436 1454 466 1424)
4(437 1484 467 1454)
4(438 1514 468 1484)
4(439 1544 469 1514)
4(440 1574 470 1544)
4(441 1604 471 1574)
4(442 1634 472 1604)
4(443 1664 473 1634)
4(444 1694 474 1664)
4(445 1724 475 1694)
4(446 1754 476 1724)
4(447 1784 477 1754)
4(448 1814 478 1784)
4(449 1844 479 1814)
4(450 975 480 945)
4(451 1005 481 975)
4(452 1035 482 1005)
4(453 1065 483 1035)
4(454 1095 484 1065)
4(455 1125 485 1095)
4(456 1155 486 1125)
4(457 1185 487 1155)
4(458 1215 488 1185)
4(459 1245 489 1215)
4(460 1275 490 1245)
4(461 1305 491 1275)
4(462 1335 492 1305)
4(463 1365 493 1335)
4(464 1395 494 1365)
4(465 1425 495 1395)
4(466 1455 496 1425)
4(467 1485 497 1455)
4(468 1515 498 1485)
4(469 1545 499 1515)
4(470 1575 500 1545)
4(471 1605 501 1575)
4(472 1635 502 1605)
4(473 1665 503 1635)
4(474 1695 504 1665)
4(475 1725 505 1695)
4(476 1755 506 1725)
4(477 1785 507 1755)
4(478 1815 508 1785)
4(479 1845 509 1815)
4(480 976 510 946)
4(481 1006 511 976)
4(482 1036 512 1006)
4(483 1066 513 1036)
4(484 1096 514 1066)
4(485 1126 515 1096)
4(486 1156 516 1126)
4(487 1186 517 1156)
4(488 1216 518 1186)
4(489 1246 519 1216)
4(490 1276 520 1246)
4(491 1306 521 1276)
4(492 1336 522 1306)
4(493 1366 523 1336)
4(494 1396 524 1366)
4(495 1426 525 1396)
4(496 1456 526 1426)
4(497 1486 527 1456)
4(498 1516 528 1486)
4(499 1546 529 1516)
4(500 1576 530 1546)
4(501 1606 531 1576)
4(502 1636 532 1606)
4(503 1666 533 1636)
4(504 1696 534 1666)
4(505 1726 535 1696)
4(506 1756 536 1726)
4(507 1786 537 1756)
4(508 1816 538 1786)
4(509 1846 539 1816)
4(510 977 540 947)
4(511 1007 541 977)
4(512 1037 542 1007)
4(513 1067 543 1037)
4(514 1097 544 1067)
4(515 1127 545 1097)
4(516 1157 546 1127)
4(517 1187 547 1157)
4(518 1217 548 1187)
4(519 1247 549 1217)
4(520 1277 550 1247)
4(521 1307 551 1277)
4(522 1337 552 1307)
4(523 1367 553 1337)
4(524 1397 554 1367)
4(525 1427 555 1397)
4(526 1457 556 1427)
4(527 1487 557 1457)
4(528 1517 558 1487)
4(529 1547 559 1517)
4(530 1577 560 1547)
4(531 1607 561 1577)
4(532 1637 562 1607)
4(533 1667 563 1637)
4(534 1697 564 1667)
4(535 1727 565 1697)
4(536 1757 566 1727)
4(537 1787 567 1757)
4(538 1817 568 1787)
4(539 1847 569 1817)
4(540 978 570 948)
4(541 1008 571 978)
4(542 1038 572 1008)
4(543 1068 573 1038)
4(544 1098 574 1068)
4(545 1128 575 1098)
4(546 1158 576 1128)
4(547 1188 577 1158)
4(548 1218 578 1188)
4(549 1248 579 1218)
4(550 1278 580 1248)
4(551 1308 581 1278)
4(552 1338 582 1308)
4(553 1368 583 1338)
4(554 1398 584 1368)
4(555 1428 585 1398)
4(556 1458 586 1428)
4(557 1488 587 1458)
4(558 1518 588 1488)
4(559 1548 589 1518)
4(560 1578 590 1548)
4(561 1608 591 1578)
4(562 1638 592 1608)
4(563 1668 593 1638)
4(564 1698 594 1668)
4(565 1728 595 1698)
4(566 1758 596 1728)
4(567 1788 597 1758)
4(568 1818 598 1788)
4(569 1848 599 1818)
4(570 979 600 949)
4(571 1009 601 979)
4(572 1039 602 1009)
4(573 1069 603 1039)
4(574 1099 604 1069)
4(575 1129 605 1099)
4(576 1159 606 1129)
4(577 1189 607 1159)
4(578 1219 608 1189)
4(579 1249 609 1219)
4(580 1279 610 1249)
4(581 1309 611 1279)
4(582 1339 612 1309)
4(583 1369 613 1339)
4(584 1399 614 1369)
4(585 1429 615 1399)
4(586 1459 616 1429)
4(587 1489 617 1459)
4(588 1519 618 1489)
4(589 1549 619 1519)
4(590 1579 620 1549)
4(591 1609 621 1579)
4(592 1639 622 1609)
4(593 1669 623 1639)
4(594 1699 624 1669)
4(595 1729 625 1699)
4(596 1759 626 1729)
4(597 1789 627 1759)
4(598 1819 628 1789)
4(599 1849 629 1819)
4(600 980 630 950)
4(601 1010 631 980)
4(602 1040 632 1010)
4(603 1070 633 1040)
4(604 1100 634 1070)
4(605 1130 635 1100)
4(606 1160 636 1130)
4(607 1190 637 1160)
4(608 1220 638 1190)
4(609 1250 639 1220)
4(610 1280 640 1250)
4(611 1310 641 1280)
4(612 1340 642 1310)
4(613 1370 643 1340)
4(614 1400 644 1370)
4(615 1430 645 1400)
4(616 1460 646 1430)
4(617 1490 647 1460)
4(618 1520 648 1490)
4(619 1550 649 1520)
4(620 1580 650 1550)
4(621 1610 651 1580)
4(622 1640 652 1610)
4(623 1670 653 1640)
4(624 1700 654 1670)
4(625 1730 655 1700)
4(626 1760 656 1730)
4(627 1790 657 1760)
4(628 1820 658 1790)
4(629 1850 659 1820)
4(630 981 660 951)
4(631 1011 661 981)
4(632 1041 662 1011)
4(633 1071 663 1041)
4(634 1101 664 1071)
4(635 1131 665 1101)
4(636 1161 666 1131)
4(637 1191 667 1161)
4(638 1221 668 1191)
4(639 1251 669 1221)
4(640 1281 670 1251)
4(641 1311 671 1281)
4(642 1341 672 1311)
4(643 1371 673 1341)
4(644 1401 674 1371)
4(645 1431 675 1401)
4(646 1461 676 1431)
4(647 1491 677 1461)
4(648 1521 678 1491)
4(649 1551 679 1521)
4(650 1581 680 1551)
4(651 1611 681 1581)
4(652 1641 682 1611)
4(653 1671 683 1641)
4(654 1701 684 1671)
4(655 1731 685 1701)
4(656 1761 686 1731)
4(657 1791 687 1761)
4(658 1821 688 1791)
4(659 1851 689 1821)
4(660 982 690 952)
4(661 1012 691 982)
4(662 1042 692 1012)
4(663 1072 693 1042)
4(664 1102 694 1072)
4(665 1132 695 1102)
4(666 1162 696 1132)
4(667 1192 697 1162)
4(668 1222 698 1192)
4(669 1252 699 1222)
4(670 1282 700 1252)
4(671 1312 701 1282)
4(672 1342 702 1312)
4(673 1372 703 1342)
4(674 1402 704 1372)
4(675 1432 705 1402)
4(676 1462 706 1432)
4(677 1492 707 1462)
4(678 1522 708 1492)
4(679 1552 709 1522)
4(680 1582 710 1552)
4(681 1612 711 1582)
4(682 1642 712 1612)
4(683 1672 713 1642)
4(684 1702 714 1672)
4(685 1732 715 1702)
4(686 1762 716 1732)
4(687 1792 717 1762)
4(688 1822 718 1792)
4(689 1852 719 1822)
4(690 983 720 953)
4(691 1013 721 983)
4(692 1043 722 1013)
4(693 1073 723 1043)
4(694 1103 724 1073)
4(695 1133 725 1103)
4(696 1163 726 1133)
4(697 1193 727 1163)
4(698 1223 728 1193)
4(699 1253 729 1223)
4(700 1283 730 1253)
4(701 1313 731 1283)
4(702 1343 732 1313)
4(703 1373 733 1343)
4(704 1403 734 1373)
4(705 1433 735 1403)
4(706 1463 736 1433)
4(707 1493 737 1463)
4(708 1523 738 1493)
4(709 1553 739 1523)
4(710 1583 740 1553)
4(711 1613 741 1583)
4(712 1643 742 1613)
4(713 1673 743 1643)
4(714 1703 744 1673)
4(715 1733 745 1703)
4(716 1763 746 1733)
4(717 1793 747 1763)
4(718 1823 748 1793)
4(719 1853 749 1823)
4(720 984 750 954)
4(721 1014 751 984)
4(722 1044 752 1014)
4(723 1074 753 1044)
4(724 1104 754 1074)
4(725 1134 755 1104)
4(726 1164 756 1134)
4(727 1194 757 1164)
4(728 1224 758 1194)
4(729 1254 759 1224)
4(730 1284 760 1254)
4(731 1314 761 1284)
4(732 1344 762 1314)
4(733 1374 763 1344)
4(734 1404 764 1374)
4(735 1434 765 1404)
4(736 1464 766 1434)
4(737 1494 767 1464)
4(738 1524 768 1494)
4(739 1554 769 1524)
4(740 1584 770 1554)
4(741 1614 771 1584)
4(742 1644 772 1614)
4(743 1674 773 1644)
4(744 1704 774 1674)
4(745 1734 775 1704)
4(746 1764 776 1734)
4(747 1794 777 1764)
4(748 1824 778 1794)
4(749 1854 779 1824)
4(750 985 780 955)
4(751 1015 781 985)
4(752 1045 782 1015)
4(753 1075 783 1045)
4(754 1105 784 1075)
4(755 1135 785 1105)
4(756 1165 786 1135)
4(757 1195 787 1165)
4(758 1225 788 1195)
4(759 1255 789 1225)
4(760 1285 790 1255)
4(761 1315 791 1285)
4(762 1345 792 1315)
4(763 1375 793 1345)
4(764 1405 794 1375)
4(765 1435 795 1405)
4(766 1465 796 1435)
4(767 1495 797 1465)
4(768 1525 798 1495)
4(769 1555 799 1525)
4(770 1585 800 1555)
4(771 1615 801 1585)
4(772 1645 802 1615)
4(773 1675 803 1645)
4(774 1705 804 1675)
4(775 1735 805 1705)
4(776 1765 806 1735)
4(777 1795 807 1765)
4(778 1825 808 1795)
4(779 1855 809 1825)
4(780 986 810 956)
4(781 1016 811 986)
4(782 1046 812 1016)
4(783 1076 813 1046)
4(784 1106 814 1076)
4(785 1136 815 1106)
4(786 1166 816 1136)
4(787 1196 817 1166)
4(788 1226 818 1196)
4(789 1256 819 1226)
4(790 1286 820 1256)
4(791 1316 821 1286)
4(792 1346 822 1316)
4(793 1376 823 1346)
4(794 1406 824 1376)
4(795 1436 825 1406)
4(796 1466 826 1436)
4(797 1496 827 1466)
4(798 1526 828 1496)
4(799 1556 829 1526)
4(800 1586 830 1556)
4(801 1616 831 1586)
4(802 1646 832 1616)
4(803 1676 833 1646)
4(804 1706 834 1676)
4(805 1736 835 1706)
4(806 1766 836 1736)
4(807 1796 837 1766)
4(808 1826 838 1796)
4(809 1856 839 1826)
4(810 987 840 957)
4(811 1017 841 987)
4(812 1047 842 1017)
4(813 1077 843 1047)
4(814 1107 844 1077)
4(815 1137 845 1107)
4(816 1167 846 1137)
4(817 1197 847 1167)
4(818 1227 848 1197)
4(819 1257 849 1227)
4(820 1287 850 1257)
4(821 1317 851 1287)
4(822 1347 852 1317)
4(823 1377 853 1347)
4(824 1407 854 1377)
4(825 1437 855 1407)
4(826 1467 856 1437)
4(827 1497 857 1467)
4(828 1527 858 1497)
4(829 1557 859 1527)
4(830 1587 860 1557)
4(831 1617 861 1587)
4(832 1647 862 1617)
4(833 1677 863 1647)
4(834 1707 864 1677)
4(835 1737 865 1707)
4(836 1767 866 1737)
4(837 1797 867 1767)
4(838 1827 868 1797)
4(839 1857 869 1827)
4(840 988 870 958)
4(841 1018 871 988)
4(842 1048 872 1018)
4(843 1078 873 1048)
4(844 1108 874 1078)
4(845 1138 875 1108)
4(846 1168 876 1138)
4(847 1198 877 1168)
4(848 1228 878 1198)
4(849 1258 879 1228)
4(850 1288 880 1258)
4(851 1318 881 1288)
4(852 1348 882 1318)
4(853 1378 883 1348)
4(854 1408 884 1378)
4(855 1438 885 1408)
4(856 1468 886 1438)
4(857 1498 887 1468)
4(858 1528 888 1498)
4(859 1558 889 1528)
4(860 1588 890 1558)
4(861 1618 891 1588)
4(862 1648 892 1618)
4(863 1678 893 1648)
4(864 1708 894 1678)
4(865 1738 895 1708)
4(866 1768 896 1738)
4(867 1798 897 1768)
4(868 1828 898 1798)
4(869 1858 899 1828)
4(870 989 900 959)
4(871 1019 901 989)
4(872 1049 902 1019)
4(873 1079 903 1049)
4(874 1109 904 1079)
4(875 1139 905 1109)
4(876 1169 906 1139)
4(877 1199 907 1169)
4(878 1229 908 1199)
4(879 1259 909 1229)
4(880 1289 910 1259)
4(881 1319 911 1289)
4(882 1349 912 1319)
4(883 1379 913 1349)
4(884 1409 914 1379)
4(885 1439 915 1409)
4(886 1469 916 1439)
4(887 1499 917 1469)
4(888 1529 918 1499)
4(889 1559 919 1529)
4(890 1589 920 1559)
4(891 1619 921 1589)
4(892 1649 922 1619)
4(893 1679 923 1649)
4(894 1709 924 1679)
4(895 1739 925 1709)
4(896 1769 926 1739)
4(897 1799 927 1769)
4(898 1829 928 1799)
4(899 1859 929 1829)
)
