961
(
(0 0)
(0.0033333333 0)
(0.0066666667 0)
(0.01 0)
(0.0133333333 0)
(0.0166666667 0)
(0.02 0)
(0.0233333333 0)
(0.0266666667 0)
(0.03 0)
(0.0333333333 0)
(0.0366666667 0)
(0.04 0)
(0.0433333333 0)
(0.0466666667 0)
(0.05 0)
(0.0533333333 0)
(0.0566666667 0)
(0.06 0)
(0.0633333333 0)
(0.0666666667 0)
(0.07 0)
(0.0733333333 0)
(0.0766666667 0)
(0.08 0)
(0.0833333333 0)
(0.0866666667 0)
(0.09 0)
(0.0933333333 0)
(0.0966666667 0)
(0.1 0)
(0 0.0033333333)
(0.0033333333 0.0033333333)
(0.0066666667 0.0033333333)
(0.01 0.0033333333)
(0.0133333333 0.0033333333)
(0.0166666667 0.0033333333)
(0.02 0.0033333333)
(0.0233333333 0.0033333333)
(0.0266666667 0.0033333333)
(0.03 0.0033333333)
(0.0333333333 0.0033333333)
(0.0366666667 0.0033333333)
(0.04 0.0033333333)
(0.0433333333 0.0033333333)
(0.0466666667 0.0033333333)
(0.05 0.0033333333)
(0.0533333333 0.0033333333)
(0.0566666667 0.0033333333)
(0.06 0.0033333333)
(0.0633333333 0.0033333333)
(0.0666666667 0.0033333333)
(0.07 0.0033333333)
(0.0733333333 0.0033333333)
(0.0766666667 0.0033333333)
(0.08 0.0033333333)
(0.0833333333 0.0033333333)
(0.0866666667 0.0033333333)
(0.09 0.0033333333)
(0.0933333333 0.0033333333)
(0.0966666667 0.0033333333)
(0.1 0.0033333333)
(0 0.0066666667)
(0.0033333333 0.0066666667)
(0.0066666667 0.0066666667)
(0.01 0.0066666667)
(0.0133333333 0.0066666667)
(0.0166666667 0.0066666667)
(0.02 0.0066666667)
(0.0233333333 0.0066666667)
(0.0266666667 0.0066666667)
(0.03 0.0066666667)
(0.0333333333 0.0066666667)
(0.0366666667 0.0066666667)
(0.04 0.0066666667)
(0.0433333333 0.0066666667)
(0.0466666667 0.0066666667)
(0.05 0.0066666667)
(0.0533333333 0.0066666667)
(0.0566666667 0.0066666667)
(0.06 0.0066666667)
(0.0633333333 0.0066666667)
(0.0666666667 0.0066666667)
(0.07 0.0066666667)
(0.0733333333 0.0066666667)
(0.0766666667 0.0066666667)
(0.08 0.0066666667)
(0.0833333333 0.0066666667)
(0.0866666667 0.0066666667)
(0.09 0.0066666667)
(0.0933333333 0.0066666667)
(0.0966666667 0.0066666667)
(0.1 0.0066666667)
(0 0.01)
(0.0033333333 0.01)
(0.0066666667 0.01)
(0.01 0.01)
(0.0133333333 0.01)
(0.0166666667 0.01)
(0.02 0.01)
(0.0233333333 0.01)
(0.0266666667 0.01)
(0.03 0.01)
(0.0333333333 0.01)
(0.0366666667 0.01)
(0.04 0.01)
(0.0433333333 0.01)
(0.0466666667 0.01)
(0.05 0.01)
(0.0533333333 0.01)
(0.0566666667 0.01)
(0.06 0.01)
(0.0633333333 0.01)
(0.0666666667 0.01)
(0.07 0.01)
(0.0733333333 0.01)
(0.0766666667 0.01)
(0.08 0.01)
(0.0833333333 0.01)
(0.0866666667 0.01)
(0.09 0.01)
(0.0933333333 0.01)
(0.0966666667 0.01)
(0.1 0.01)
(0 0.0133333333)
(0.0033333333 0.0133333333)
(0.0066666667 0.0133333333)
(0.01 0.0133333333)
(0.0133333333 0.0133333333)
(0.0166666667 0.0133333333)
(0.02 0.0133333333)
(0.0233333333 0.0133333333)
(0.0266666667 0.0133333333)
(0.03 0.0133333333)
(0.0333333333 0.0133333333)
(0.0366666667 0.0133333333)
(0.04 0.0133333333)
(0.0433333333 0.0133333333)
(0.0466666667 0.0133333333)
(0.05 0.0133333333)
(0.0533333333 0.0133333333)
(0.0566666667 0.0133333333)
(0.06 0.0133333333)
(0.0633333333 0.0133333333)
(0.0666666667 0.0133333333)
(0.07 0.0133333333)
(0.0733333333 0.0133333333)
(0.0766666667 0.0133333333)
(0.08 0.0133333333)
(0.0833333333 0.0133333333)
(0.0866666667 0.0133333333)
(0.09 0.0133333333)
(0.0933333333 0.0133333333)
(0.0966666667 0.0133333333)
(0.1 0.0133333333)
(0 0.0166666667)
(0.0033333333 0.0166666667)
(0.0066666667 0.0166666667)
(0.01 0.0166666667)
(0.0133333333 0.0166666667)
(0.0166666667 0.0166666667)
(0.02 0.0166666667)
(0.0233333333 0.0166666667)
(0.0266666667 0.0166666667)
(0.03 0.0166666667)
(0.0333333333 0.0166666667)
(0.0366666667 0.0166666667)
(0.04 0.0166666667)
(0.0433333333 0.0166666667)
(0.0466666667 0.0166666667)
(0.05 0.0166666667)
(0.0533333333 0.0166666667)
(0.0566666667 0.0166666667)
(0.06 0.0166666667)
(0.0633333333 0.0166666667)
(0.0666666667 0.0166666667)
(0.07 0.0166666667)
(0.0733333333 0.0166666667)
(0.0766666667 0.0166666667)
(0.08 0.0166666667)
(0.0833333333 0.0166666667)
(0.0866666667 0.0166666667)
(0.09 0.0166666667)
(0.0933333333 0.0166666667)
(0.0966666667 0.0166666667)
(0.1 0.0166666667)
(0 0.02)
(0.0033333333 0.02)
(0.0066666667 0.02)
(0.01 0.02)
(0.0133333333 0.02)
(0.0166666667 0.02)
(0.02 0.02)
(0.0233333333 0.02)
(0.0266666667 0.02)
(0.03 0.02)
(0.0333333333 0.02)
(0.0366666667 0.02)
(0.04 0.02)
(0.0433333333 0.02)
(0.0466666667 0.02)
(0.05 0.02)
(0.0533333333 0.02)
(0.0566666667 0.02)
(0.06 0.02)
(0.0633333333 0.02)
(0.0666666667 0.02)
(0.07 0.02)
(0.0733333333 0.02)
(0.0766666667 0.02)
(0.08 0.02)
(0.0833333333 0.02)
(0.0866666667 0.02)
(0.09 0.02)
(0.0933333333 0.02)
(0.0966666667 0.02)
(0.1 0.02)
(0 0.0233333333)
(0.0033333333 0.0233333333)
(0.0066666667 0.0233333333)
(0.01 0.0233333333)
(0.0133333333 0.0233333333)
(0.0166666667 0.0233333333)
(0.02 0.0233333333)
(0.0233333333 0.0233333333)
(0.0266666667 0.0233333333)
(0.03 0.0233333333)
(0.0333333333 0.0233333333)
(0.0366666667 0.0233333333)
(0.04 0.0233333333)
(0.0433333333 0.0233333333)
(0.0466666667 0.0233333333)
(0.05 0.0233333333)
(0.0533333333 0.0233333333)
(0.0566666667 0.0233333333)
(0.06 0.0233333333)
(0.0633333333 0.0233333333)
(0.0666666667 0.0233333333)
(0.07 0.0233333333)
(0.0733333333 0.0233333333)
(0.0766666667 0.0233333333)
(0.08 0.0233333333)
(0.0833333333 0.0233333333)
(0.0866666667 0.0233333333)
(0.09 0.0233333333)
(0.0933333333 0.0233333333)
(0.0966666667 0.0233333333)
(0.1 0.0233333333)
(0 0.0266666667)
(0.0033333333 0.0266666667)
(0.0066666667 0.0266666667)
(0.01 0.0266666667)
(0.0133333333 0.0266666667)
(0.0166666667 0.0266666667)
(0.02 0.0266666667)
(0.0233333333 0.0266666667)
(0.0266666667 0.0266666667)
(0.03 0.0266666667)
(0.0333333333 0.0266666667)
(0.0366666667 0.0266666667)
(0.04 0.0266666667)
(0.0433333333 0.0266666667)
(0.0466666667 0.0266666667)
(0.05 0.0266666667)
(0.0533333333 0.0266666667)
(0.0566666667 0.0266666667)
(0.06 0.0266666667)
(0.0633333333 0.0266666667)
(0.0666666667 0.0266666667)
(0.07 0.0266666667)
(0.0733333333 0.0266666667)
(0.0766666667 0.0266666667)
(0.08 0.0266666667)
(0.0833333333 0.0266666667)
(0.0866666667 0.0266666667)
(0.09 0.0266666667)
(0.0933333333 0.0266666667)
(0.0966666667 0.0266666667)
(0.1 0.0266666667)
(0 0.03)
(0.0033333333 0.03)
(0.0066666667 0.03)
(0.01 0.03)
(0.0133333333 0.03)
(0.0166666667 0.03)
(0.02 0.03)
(0.0233333333 0.03)
(0.0266666667 0.03)
(0.03 0.03)
(0.0333333333 0.03)
(0.0366666667 0.03)
(0.04 0.03)
(0.0433333333 0.03)
(0.0466666667 0.03)
(0.05 0.03)
(0.0533333333 0.03)
(0.0566666667 0.03)
(0.06 0.03)
(0.0633333333 0.03)
(0.0666666667 0.03)
(0.07 0.03)
(0.0733333333 0.03)
(0.0766666667 0.03)
(0.08 0.03)
(0.0833333333 0.03)
(0.0866666667 0.03)
(0.09 0.03)
(0.0933333333 0.03)
(0.0966666667 0.03)
(0.1 0.03)
(0 0.0333333333)
(0.0033333333 0.0333333333)
(0.0066666667 0.0333333333)
(0.01 0.0333333333)
(0.0133333333 0.0333333333)
(0.0166666667 0.0333333333)
(0.02 0.0333333333)
(0.0233333333 0.0333333333)
(0.0266666667 0.0333333333)
(0.03 0.0333333333)
(0.0333333333 0.0333333333)
(0.0366666667 0.0333333333)
(0.04 0.0333333333)
(0.0433333333 0.0333333333)
(0.0466666667 0.0333333333)
(0.05 0.0333333333)
(0.0533333333 0.0333333333)
(0.0566666667 0.0333333333)
(0.06 0.0333333333)
(0.0633333333 0.0333333333)
(0.0666666667 0.0333333333)
(0.07 0.0333333333)
(0.0733333333 0.0333333333)
(0.0766666667 0.0333333333)
(0.08 0.0333333333)
(0.0833333333 0.0333333333)
(0.0866666667 0.0333333333)
(0.09 0.0333333333)
(0.0933333333 0.0333333333)
(0.0966666667 0.0333333333)
(0.1 0.0333333333)
(0 0.0366666667)
(0.0033333333 0.0366666667)
(0.0066666667 0.0366666667)
(0.01 0.0366666667)
(0.0133333333 0.0366666667)
(0.0166666667 0.0366666667)
(0.02 0.0366666667)
(0.0233333333 0.0366666667)
(0.0266666667 0.0366666667)
(0.03 0.0366666667)
(0.0333333333 0.0366666667)
(0.0366666667 0.0366666667)
(0.04 0.0366666667)
(0.0433333333 0.0366666667)
(0.0466666667 0.0366666667)
(0.05 0.0366666667)
(0.0533333333 0.0366666667)
(0.0566666667 0.0366666667)
(0.06 0.0366666667)
(0.0633333333 0.0366666667)
(0.0666666667 0.0366666667)
(0.07 0.0366666667)
(0.0733333333 0.0366666667)
(0.0766666667 0.0366666667)
(0.08 0.0366666667)
(0.0833333333 0.0366666667)
(0.0866666667 0.0366666667)
(0.09 0.0366666667)
(0.0933333333 0.0366666667)
(0.0966666667 0.0366666667)
(0.1 0.0366666667)
(0 0.04)
(0.0033333333 0.04)
(0.0066666667 0.04)
(0.01 0.04)
(0.0133333333 0.04)
(0.0166666667 0.04)
(0.02 0.04)
(0.0233333333 0.04)
(0.0266666667 0.04)
(0.03 0.04)
(0.0333333333 0.04)
(0.0366666667 0.04)
(0.04 0.04)
(0.0433333333 0.04)
(0.0466666667 0.04)
(0.05 0.04)
(0.0533333333 0.04)
(0.0566666667 0.04)
(0.06 0.04)
(0.0633333333 0.04)
(0.0666666667 0.04)
(0.07 0.04)
(0.0733333333 0.04)
(0.0766666667 0.04)
(0.08 0.04)
(0.0833333333 0.04)
(0.0866666667 0.04)
(0.09 0.04)
(0.0933333333 0.04)
(0.0966666667 0.04)
(0.1 0.04)
(0 0.0433333333)
(0.0033333333 0.0433333333)
(0.0066666667 0.0433333333)
(0.01 0.0433333333)
(0.0133333333 0.0433333333)
(0.0166666667 0.0433333333)
(0.02 0.0433333333)
(0.0233333333 0.0433333333)
(0.0266666667 0.0433333333)
(0.03 0.0433333333)
(0.0333333333 0.0433333333)
(0.0366666667 0.0433333333)
(0.04 0.0433333333)
(0.0433333333 0.0433333333)
(0.0466666667 0.0433333333)
(0.05 0.0433333333)
(0.0533333333 0.0433333333)
(0.0566666667 0.0433333333)
(0.06 0.0433333333)
(0.0633333333 0.0433333333)
(0.0666666667 0.0433333333)
(0.07 0.0433333333)
(0.0733333333 0.0433333333)
(0.0766666667 0.0433333333)
(0.08 0.0433333333)
(0.0833333333 0.0433333333)
(0.0866666667 0.0433333333)
(0.09 0.0433333333)
(0.0933333333 0.0433333333)
(0.0966666667 0.0433333333)
(0.1 0.0433333333)
(0 0.0466666667)
(0.0033333333 0.0466666667)
(0.0066666667 0.0466666667)
(0.01 0.0466666667)
(0.0133333333 0.0466666667)
(0.0166666667 0.0466666667)
(0.02 0.0466666667)
(0.0233333333 0.0466666667)
(0.0266666667 0.0466666667)
(0.03 0.0466666667)
(0.0333333333 0.0466666667)
(0.0366666667 0.0466666667)
(0.04 0.0466666667)
(0.0433333333 0.0466666667)
(0.0466666667 0.0466666667)
(0.05 0.0466666667)
(0.0533333333 0.0466666667)
(0.0566666667 0.0466666667)
(0.06 0.0466666667)
(0.0633333333 0.0466666667)
(0.0666666667 0.0466666667)
(0.07 0.0466666667)
(0.0733333333 0.0466666667)
(0.0766666667 0.0466666667)
(0.08 0.0466666667)
(0.0833333333 0.0466666667)
(0.0866666667 0.0466666667)
(0.09 0.0466666667)
(0.0933333333 0.0466666667)
(0.0966666667 0.0466666667)
(0.1 0.0466666667)
(0 0.05)
(0.0033333333 0.05)
(0.0066666667 0.05)
(0.01 0.05)
(0.0133333333 0.05)
(0.0166666667 0.05)
(0.02 0.05)
(0.0233333333 0.05)
(0.0266666667 0.05)
(0.03 0.05)
(0.0333333333 0.05)
(0.0366666667 0.05)
(0.04 0.05)
(0.0433333333 0.05)
(0.0466666667 0.05)
(0.05 0.05)
(0.0533333333 0.05)
(0.0566666667 0.05)
(0.06 0.05)
(0.0633333333 0.05)
(0.0666666667 0.05)
(0.07 0.05)
(0.0733333333 0.05)
(0.0766666667 0.05)
(0.08 0.05)
(0.0833333333 0.05)
(0.0866666667 0.05)
(0.09 0.05)
(0.0933333333 0.05)
(0.0966666667 0.05)
(0.1 0.05)
(0 0.0533333333)
(0.0033333333 0.0533333333)
(0.0066666667 0.0533333333)
(0.01 0.0533333333)
(0.0133333333 0.0533333333)
(0.0166666667 0.0533333333)
(0.02 0.0533333333)
(0.0233333333 0.0533333333)
(0.0266666667 0.0533333333)
(0.03 0.0533333333)
(0.0333333333 0.0533333333)
(0.0366666667 0.0533333333)
(0.04 0.0533333333)
(0.0433333333 0.0533333333)
(0.0466666667 0.0533333333)
(0.05 0.0533333333)
(0.0533333333 0.0533333333)
(0.0566666667 0.0533333333)
(0.06 0.0533333333)
(0.0633333333 0.0533333333)
(0.0666666667 0.0533333333)
(0.07 0.0533333333)
(0.0733333333 0.0533333333)
(0.0766666667 0.0533333333)
(0.08 0.0533333333)
(0.0833333333 0.0533333333)
(0.0866666667 0.0533333333)
(0.09 0.0533333333)
(0.0933333333 0.0533333333)
(0.0966666667 0.0533333333)
(0.1 0.0533333333)
(0 0.0566666667)
(0.0033333333 0.0566666667)
(0.0066666667 0.0566666667)
(0.01 0.0566666667)
(0.0133333333 0.0566666667)
(0.0166666667 0.0566666667)
(0.02 0.0566666667)
(0.0233333333 0.0566666667)
(0.0266666667 0.0566666667)
(0.03 0.0566666667)
(0.0333333333 0.0566666667)
(0.0366666667 0.0566666667)
(0.04 0.0566666667)
(0.0433333333 0.0566666667)
(0.0466666667 0.0566666667)
(0.05 0.0566666667)
(0.0533333333 0.0566666667)
(0.0566666667 0.0566666667)
(0.06 0.0566666667)
(0.0633333333 0.0566666667)
(0.0666666667 0.0566666667)
(0.07 0.0566666667)
(0.0733333333 0.0566666667)
(0.0766666667 0.0566666667)
(0.08 0.0566666667)
(0.0833333333 0.0566666667)
(0.0866666667 0.0566666667)
(0.09 0.0566666667)
(0.0933333333 0.0566666667)
(0.0966666667 0.0566666667)
(0.1 0.0566666667)
(0 0.06)
(0.0033333333 0.06)
(0.0066666667 0.06)
(0.01 0.06)
(0.0133333333 0.06)
(0.0166666667 0.06)
(0.02 0.06)
(0.0233333333 0.06)
(0.0266666667 0.06)
(0.03 0.06)
(0.0333333333 0.06)
(0.0366666667 0.06)
(0.04 0.06)
(0.0433333333 0.06)
(0.0466666667 0.06)
(0.05 0.06)
(0.0533333333 0.06)
(0.0566666667 0.06)
(0.06 0.06)
(0.0633333333 0.06)
(0.0666666667 0.06)
(0.07 0.06)
(0.0733333333 0.06)
(0.0766666667 0.06)
(0.08 0.06)
(0.0833333333 0.06)
(0.0866666667 0.06)
(0.09 0.06)
(0.0933333333 0.06)
(0.0966666667 0.06)
(0.1 0.06)
(0 0.0633333333)
(0.0033333333 0.0633333333)
(0.0066666667 0.0633333333)
(0.01 0.0633333333)
(0.0133333333 0.0633333333)
(0.0166666667 0.0633333333)
(0.02 0.0633333333)
(0.0233333333 0.0633333333)
(0.0266666667 0.0633333333)
(0.03 0.0633333333)
(0.0333333333 0.0633333333)
(0.0366666667 0.0633333333)
(0.04 0.0633333333)
(0.0433333333 0.0633333333)
(0.0466666667 0.0633333333)
(0.05 0.0633333333)
(0.0533333333 0.0633333333)
(0.0566666667 0.0633333333)
(0.06 0.0633333333)
(0.0633333333 0.0633333333)
(0.0666666667 0.0633333333)
(0.07 0.0633333333)
(0.0733333333 0.0633333333)
(0.0766666667 0.0633333333)
(0.08 0.0633333333)
(0.0833333333 0.0633333333)
(0.0866666667 0.0633333333)
(0.09 0.0633333333)
(0.0933333333 0.0633333333)
(0.0966666667 0.0633333333)
(0.1 0.0633333333)
(0 0.0666666667)
(0.0033333333 0.0666666667)
(0.0066666667 0.0666666667)
(0.01 0.0666666667)
(0.0133333333 0.0666666667)
(0.0166666667 0.0666666667)
(0.02 0.0666666667)
(0.0233333333 0.0666666667)
(0.0266666667 0.0666666667)
(0.03 0.0666666667)
(0.0333333333 0.0666666667)
(0.0366666667 0.0666666667)
(0.04 0.0666666667)
(0.0433333333 0.0666666667)
(0.0466666667 0.0666666667)
(0.05 0.0666666667)
(0.0533333333 0.0666666667)
(0.0566666667 0.0666666667)
(0.06 0.0666666667)
(0.0633333333 0.0666666667)
(0.0666666667 0.0666666667)
(0.07 0.0666666667)
(0.0733333333 0.0666666667)
(0.0766666667 0.0666666667)
(0.08 0.0666666667)
(0.0833333333 0.0666666667)
(0.0866666667 0.0666666667)
(0.09 0.0666666667)
(0.0933333333 0.0666666667)
(0.0966666667 0.0666666667)
(0.1 0.0666666667)
(0 0.07)
(0.0033333333 0.07)
(0.0066666667 0.07)
(0.01 0.07)
(0.0133333333 0.07)
(0.0166666667 0.07)
(0.02 0.07)
(0.0233333333 0.07)
(0.0266666667 0.07)
(0.03 0.07)
(0.0333333333 0.07)
(0.0366666667 0.07)
(0.04 0.07)
(0.0433333333 0.07)
(0.0466666667 0.07)
(0.05 0.07)
(0.0533333333 0.07)
(0.0566666667 0.07)
(0.06 0.07)
(0.0633333333 0.07)
(0.0666666667 0.07)
(0.07 0.07)
(0.0733333333 0.07)
(0.0766666667 0.07)
(0.08 0.07)
(0.0833333333 0.07)
(0.0866666667 0.07)
(0.09 0.07)
(0.0933333333 0.07)
(0.0966666667 0.07)
(0.1 0.07)
(0 0.0733333333)
(0.0033333333 0.0733333333)
(0.0066666667 0.0733333333)
(0.01 0.0733333333)
(0.0133333333 0.0733333333)
(0.0166666667 0.0733333333)
(0.02 0.0733333333)
(0.0233333333 0.0733333333)
(0.0266666667 0.0733333333)
(0.03 0.0733333333)
(0.0333333333 0.0733333333)
(0.0366666667 0.0733333333)
(0.04 0.0733333333)
(0.0433333333 0.0733333333)
(0.0466666667 0.0733333333)
(0.05 0.0733333333)
(0.0533333333 0.0733333333)
(0.0566666667 0.0733333333)
(0.06 0.0733333333)
(0.0633333333 0.0733333333)
(0.0666666667 0.0733333333)
(0.07 0.0733333333)
(0.0733333333 0.0733333333)
(0.0766666667 0.0733333333)
(0.08 0.0733333333)
(0.0833333333 0.0733333333)
(0.0866666667 0.0733333333)
(0.09 0.0733333333)
(0.0933333333 0.0733333333)
(0.0966666667 0.0733333333)
(0.1 0.0733333333)
(0 0.0766666667)
(0.0033333333 0.0766666667)
(0.0066666667 0.0766666667)
(0.01 0.0766666667)
(0.0133333333 0.0766666667)
(0.0166666667 0.0766666667)
(0.02 0.0766666667)
(0.0233333333 0.0766666667)
(0.0266666667 0.0766666667)
(0.03 0.0766666667)
(0.0333333333 0.0766666667)
(0.0366666667 0.0766666667)
(0.04 0.0766666667)
(0.0433333333 0.0766666667)
(0.0466666667 0.0766666667)
(0.05 0.0766666667)
(0.0533333333 0.0766666667)
(0.0566666667 0.0766666667)
(0.06 0.0766666667)
(0.0633333333 0.0766666667)
(0.0666666667 0.0766666667)
(0.07 0.0766666667)
(0.0733333333 0.0766666667)
(0.0766666667 0.0766666667)
(0.08 0.0766666667)
(0.0833333333 0.0766666667)
(0.0866666667 0.0766666667)
(0.09 0.0766666667)
(0.0933333333 0.0766666667)
(0.0966666667 0.0766666667)
(0.1 0.0766666667)
(0 0.08)
(0.0033333333 0.08)
(0.0066666667 0.08)
(0.01 0.08)
(0.0133333333 0.08)
(0.0166666667 0.08)
(0.02 0.08)
(0.0233333333 0.08)
(0.0266666667 0.08)
(0.03 0.08)
(0.0333333333 0.08)
(0.0366666667 0.08)
(0.04 0.08)
(0.0433333333 0.08)
(0.0466666667 0.08)
(0.05 0.08)
(0.0533333333 0.08)
(0.0566666667 0.08)
(0.06 0.08)
(0.0633333333 0.08)
(0.0666666667 0.08)
(0.07 0.08)
(0.0733333333 0.08)
(0.0766666667 0.08)
(0.08 0.08)
(0.0833333333 0.08)
(0.0866666667 0.08)
(0.09 0.08)
(0.0933333333 0.08)
(0.0966666667 0.08)
(0.1 0.08)
(0 0.0833333333)
(0.0033333333 0.0833333333)
(0.0066666667 0.0833333333)
(0.01 0.0833333333)
(0.0133333333 0.0833333333)
(0.0166666667 0.0833333333)
(0.02 0.0833333333)
(0.0233333333 0.0833333333)
(0.0266666667 0.0833333333)
(0.03 0.0833333333)
(0.0333333333 0.0833333333)
(0.0366666667 0.0833333333)
(0.04 0.0833333333)
(0.0433333333 0.0833333333)
(0.0466666667 0.0833333333)
(0.05 0.0833333333)
(0.0533333333 0.0833333333)
(0.0566666667 0.0833333333)
(0.06 0.0833333333)
(0.0633333333 0.0833333333)
(0.0666666667 0.0833333333)
(0.07 0.0833333333)
(0.0733333333 0.0833333333)
(0.0766666667 0.0833333333)
(0.08 0.0833333333)
(0.0833333333 0.0833333333)
(0.0866666667 0.0833333333)
(0.09 0.0833333333)
(0.0933333333 0.0833333333)
(0.0966666667 0.0833333333)
(0.1 0.0833333333)
(0 0.0866666667)
(0.0033333333 0.0866666667)
(0.0066666667 0.0866666667)
(0.01 0.0866666667)
(0.0133333333 0.0866666667)
(0.0166666667 0.0866666667)
(0.02 0.0866666667)
(0.0233333333 0.0866666667)
(0.0266666667 0.0866666667)
(0.03 0.0866666667)
(0.0333333333 0.0866666667)
(0.0366666667 0.0866666667)
(0.04 0.0866666667)
(0.0433333333 0.0866666667)
(0.0466666667 0.0866666667)
(0.05 0.0866666667)
(0.0533333333 0.0866666667)
(0.0566666667 0.0866666667)
(0.06 0.0866666667)
(0.0633333333 0.0866666667)
(0.0666666667 0.0866666667)
(0.07 0.0866666667)
(0.0733333333 0.0866666667)
(0.0766666667 0.0866666667)
(0.08 0.0866666667)
(0.0833333333 0.0866666667)
(0.0866666667 0.0866666667)
(0.09 0.0866666667)
(0.0933333333 0.0866666667)
(0.0966666667 0.0866666667)
(0.1 0.0866666667)
(0 0.09)
(0.0033333333 0.09)
(0.0066666667 0.09)
(0.01 0.09)
(0.0133333333 0.09)
(0.0166666667 0.09)
(0.02 0.09)
(0.0233333333 0.09)
(0.0266666667 0.09)
(0.03 0.09)
(0.0333333333 0.09)
(0.0366666667 0.09)
(0.04 0.09)
(0.0433333333 0.09)
(0.0466666667 0.09)
(0.05 0.09)
(0.0533333333 0.09)
(0.0566666667 0.09)
(0.06 0.09)
(0.0633333333 0.09)
(0.0666666667 0.09)
(0.07 0.09)
(0.0733333333 0.09)
(0.0766666667 0.09)
(0.08 0.09)
(0.0833333333 0.09)
(0.0866666667 0.09)
(0.09 0.09)
(0.0933333333 0.09)
(0.0966666667 0.09)
(0.1 0.09)
(0 0.0933333333)
(0.0033333333 0.0933333333)
(0.0066666667 0.0933333333)
(0.01 0.0933333333)
(0.0133333333 0.0933333333)
(0.0166666667 0.0933333333)
(0.02 0.0933333333)
(0.0233333333 0.0933333333)
(0.0266666667 0.0933333333)
(0.03 0.0933333333)
(0.0333333333 0.0933333333)
(0.0366666667 0.0933333333)
(0.04 0.0933333333)
(0.0433333333 0.0933333333)
(0.0466666667 0.0933333333)
(0.05 0.0933333333)
(0.0533333333 0.0933333333)
(0.0566666667 0.0933333333)
(0.06 0.0933333333)
(0.0633333333 0.0933333333)
(0.0666666667 0.0933333333)
(0.07 0.0933333333)
(0.0733333333 0.0933333333)
(0.0766666667 0.0933333333)
(0.08 0.0933333333)
(0.0833333333 0.0933333333)
(0.0866666667 0.0933333333)
(0.09 0.0933333333)
(0.0933333333 0.0933333333)
(0.0966666667 0.0933333333)
(0.1 0.0933333333)
(0 0.0966666667)
(0.0033333333 0.0966666667)
(0.0066666667 0.0966666667)
(0.01 0.0966666667)
(0.0133333333 0.0966666667)
(0.0166666667 0.0966666667)
(0.02 0.0966666667)
(0.0233333333 0.0966666667)
(0.0266666667 0.0966666667)
(0.03 0.0966666667)
(0.0333333333 0.0966666667)
(0.0366666667 0.0966666667)
(0.04 0.0966666667)
(0.0433333333 0.0966666667)
(0.0466666667 0.0966666667)
(0.05 0.0966666667)
(0.0533333333 0.0966666667)
(0.0566666667 0.0966666667)
(0.06 0.0966666667)
(0.0633333333 0.0966666667)
(0.0666666667 0.0966666667)
(0.07 0.0966666667)
(0.0733333333 0.0966666667)
(0.0766666667 0.0966666667)
(0.08 0.0966666667)
(0.0833333333 0.0966666667)
(0.0866666667 0.0966666667)
(0.09 0.0966666667)
(0.0933333333 0.0966666667)
(0.0966666667 0.0966666667)
(0.1 0.0966666667)
(0 0.1)
(0.0033333333 0.1)
(0.0066666667 0.1)
(0.01 0.1)
(0.0133333333 0.1)
(0.0166666667 0.1)
(0.02 0.1)
(0.0233333333 0.1)
(0.0266666667 0.1)
(0.03 0.1)
(0.0333333333 0.1)
(0.0366666667 0.1)
(0.04 0.1)
(0.0433333333 0.1)
(0.0466666667 0.1)
(0.05 0.1)
(0.0533333333 0.1)
(0.0566666667 0.1)
(0.06 0.1)
(0.0633333333 0.1)
(0.0666666667 0.1)
(0.07 0.1)
(0.0733333333 0.1)
(0.0766666667 0.1)
(0.08 0.1)
(0.0833333333 0.1)
(0.0866666667 0.1)
(0.09 0.1)
(0.0933333333 0.1)
(0.0966666667 0.1)
(0.1 0.1)
)
